0 0.02 0.939024 0.063333 0.04878
0 0.036667 0.897561 0.066667 0.04878
0 0.086667 0.926829 0.063333 0.053659
0 0.096667 0.85122 0.056667 0.04878
0 0.163333 0.790244 0.056667 0.046341
0 0.233333 0.765854 0.066667 0.046341
0 0.133333 0.992683 0.066667 0.04878
0 0.356667 0.941463 0.066667 0.043902
0 0.36 0.826829 0.066667 0.04878
0 0.446667 0.985366 0.09 0.04878
0 0.603333 0.87561 0.066667 0.04878
0 0.596667 0.992683 0.066667 0.04878
0 0.706667 0.907317 0.066667 0.04878
0 0.75 0.895122 0.066667 0.058537
0 0.353333 0.709756 0.066667 0.04878
0 0.396667 0.65122 0.053333 0.04878
0 0.98 0.678049 0.056667 0.041463
0 0.033333 0.619512 0.06 0.041463
0 0.043333 0.582927 0.066667 0.04878
0 0.076667 0.658537 0.066667 0.041463
0 0.12 0.62439 0.076667 0.041463
0 0.21 0.614634 0.07 0.043902
0 0.016667 0.439024 0.066667 0.04878
0 0.08 0.47561 0.073333 0.04878
0 0.783333 0.560976 0.073333 0.046341
0 0.746667 0.6 0.066667 0.04878
0 0.71 0.573171 0.07 0.04878
0 0.62 0.580488 0.056667 0.04878
0 0.443333 0.565854 0.066667 0.04878
0 0.436667 0.519512 0.066667 0.04878
0 0.566667 0.495122 0.08 0.04878
0 0.226667 0.478049 0.053333 0.04878
0 0.323333 0.443902 0.043333 0.04878
0 0.3 0.446341 0.046667 0.039024
0 0.176667 0.42439 0.066667 0.043902
0 0.206667 0.387805 0.08 0.053659
0 0.866667 0.331707 0.076667 0.05122
0 0.77 0.314634 0.073333 0.05122
0 0.256667 0.319512 0.066667 0.04878
0 0.293333 0.368293 0.073333 0.04878
0 0.383333 0.356098 0.08 0.04878
0 0.043333 0.295122 0.076667 0.04878
0 0.103333 0.287805 0.073333 0.041463
0 0.12 0.25122 0.086667 0.041463
0 0.153333 0.219512 0.07 0.04878
0 0.033333 0.178049 0.08 0.04878
0 0.073333 0.131707 0.066667 0.043902
0 0.146667 0.109756 0.066667 0.04878
0 0.25 0.112195 0.073333 0.04878
0 0.376667 0.153659 0.066667 0.04878
0 0.34 0.102439 0.053333 0.063415
0 0.353333 0.078049 0.04 0.034146
0 0.353333 0.009756 0.066667 0.039024
0 0.38 0.039024 0.066667 0.043902
0 0.426667 0.019512 0.066667 0.04878
0 0.45 0.097561 0.083333 0.04878
0 0.54 0.173171 0.06 0.04878
0 0.576667 0.178049 0.05 0.04878
0 0.61 0.204878 0.076667 0.043902
0 0.613333 0.14878 0.053333 0.04878
0 0.596667 0.053659 0.056667 0.043902
0 0.626667 0.02439 0.06 0.056098
0 0.726667 0.197561 0.07 0.04878
0 0.803333 0.134146 0.053333 0.041463
0 0.9 0.160976 0.066667 0.04878
