0 0.02 0.890244 0.063333 0.04878
0 0.033333 0.929268 0.066667 0.04878
0 0.086667 0.9 0.066667 0.04878
0 0.093333 0.839024 0.06 0.04878
0 0.136667 0.970732 0.073333 0.058537
0 0.17 0.778049 0.056667 0.039024
0 0.213333 0.746341 0.073333 0.046341
0 0.413333 0.982927 0.076667 0.046341
0 0.363333 0.958537 0.06 0.046341
0 0.35 0.873171 0.07 0.04878
0 0.583333 0.839024 0.056667 0.04878
0 0.713333 0.914634 0.066667 0.046341
0 0.726667 0.858537 0.06 0.056098
0 0.36 0.721951 0.066667 0.04878
0 0.386667 0.668293 0.06 0.04878
0 0.99 0.680488 0.066667 0.04878
0 0.073333 0.658537 0.066667 0.039024
0 0.08 0.626829 0.073333 0.05122
0 0.016667 0.609756 0.066667 0.043902
0 0.026667 0.565854 0.066667 0.046341
0 0.19 0.585366 0.066667 0.04878
0 0.606667 0.602439 0.06 0.04878
0 0.68 0.590244 0.083333 0.04878
0 0.78 0.54878 0.09 0.05122
0 0.433333 0.543902 0.066667 0.04878
0 0.45 0.519512 0.06 0.046341
0 0.556667 0.492683 0.066667 0.04878
0 0.016667 0.456098 0.066667 0.04878
0 0.073333 0.490244 0.076667 0.053659
0 0.853333 0.346341 0.073333 0.053659
0 0.74 0.326829 0.073333 0.05122
0 0.32 0.453659 0.066667 0.041463
0 0.336667 0.426829 0.053333 0.043902
0 0.196667 0.434146 0.073333 0.046341
0 0.223333 0.458537 0.043333 0.046341
0 0.223333 0.407317 0.076667 0.04878
0 0.266667 0.358537 0.066667 0.04878
0 0.34 0.363415 0.073333 0.04878
0 0.733333 0.190244 0.066667 0.05122
0 0.963333 0.102439 0.063333 0.046341
0 0.903333 0.156098 0.066667 0.04878
0 0.853333 0.134146 0.066667 0.04878
0 0.803333 0.139024 0.06 0.046341
0 0.066667 0.287805 0.08 0.053659
0 0.58 0.22439 0.076667 0.046341
0 0.606667 0.168293 0.066667 0.04878
0 0.536667 0.170732 0.066667 0.04878
0 0.093333 0.239024 0.093333 0.05122
0 0.143333 0.209756 0.073333 0.04878
0 0.013333 0.168293 0.066667 0.04878
0 0.033333 0.131707 0.066667 0.043902
0 0.156667 0.092683 0.073333 0.053659
0 0.256667 0.1 0.073333 0.053659
0 0.356667 0.156098 0.073333 0.04878
0 0.336667 0.109756 0.053333 0.060976
0 0.423333 0.095122 0.08 0.046341
0 0.37 0.019512 0.066667 0.04878
0 0.626667 0.036585 0.066667 0.04878
