0 0.016667 0.882927 0.06 0.043902
0 0.046667 0.926829 0.076667 0.04878
0 0.146667 0.943902 0.07 0.053659
0 0.093333 0.878049 0.07 0.046341
0 0.093333 0.826829 0.06 0.04878
0 0.336667 0.907317 0.063333 0.053659
0 0.363333 0.965854 0.06 0.041463
0 0.403333 0.987805 0.076667 0.04878
0 0.726667 0.917073 0.066667 0.04878
0 0.706667 0.819512 0.07 0.060976
0 0.57 0.802439 0.05 0.04878
0 0.186667 0.768293 0.053333 0.039024
0 0.366667 0.726829 0.066667 0.043902
0 0.183333 0.721951 0.073333 0.04878
0 0.383333 0.687805 0.056667 0.043902
0 0.076667 0.660976 0.066667 0.041463
0 0.016667 0.621951 0.066667 0.04878
0 0.013333 0.55122 0.06 0.04878
0 0.08 0.512195 0.07 0.04878
0 0.17 0.563415 0.066667 0.04878
0 0.603333 0.636585 0.056667 0.04878
0 0.643333 0.609756 0.073333 0.04878
0 0.686667 0.578049 0.066667 0.043902
0 0.746667 0.514634 0.073333 0.043902
0 0.836667 0.373171 0.073333 0.056098
0 0.413333 0.52439 0.066667 0.04878
0 0.466667 0.519512 0.066667 0.04878
0 0.536667 0.487805 0.066667 0.04878
0 0.7 0.336585 0.073333 0.04878
0 0.2 0.439024 0.07 0.04878
0 0.233333 0.456098 0.05 0.04878
0 0.336667 0.458537 0.066667 0.04878
0 0.35 0.417073 0.056667 0.043902
0 0.196667 0.4 0.056667 0.04878
0 0.24 0.42439 0.066667 0.04878
0 0.256667 0.35122 0.073333 0.063415
0 0.563333 0.241463 0.076667 0.056098
0 0.586667 0.187805 0.07 0.04878
0 0.076667 0.292683 0.083333 0.04878
0 0.026667 0.285366 0.066667 0.04878
0 0.083333 0.231707 0.066667 0.04878
0 0.046667 0.221951 0.066667 0.04878
0 0.13 0.190244 0.066667 0.04878
0 0.16 0.07561 0.066667 0.04878
0 0.26 0.082927 0.07 0.04878
0 0.353333 0.168293 0.066667 0.04878
0 0.513333 0.170732 0.066667 0.04878
0 0.736667 0.187805 0.063333 0.04878
0 0.336667 0.134146 0.05 0.04878
0 0.343333 0.104878 0.05 0.04878
0 0.356667 0.085366 0.04 0.036585
0 0.403333 0.104878 0.076667 0.04878
0 0.396667 0.014634 0.066667 0.04878
0 0.633333 0.04878 0.066667 0.04878
0 0.64 0.014634 0.066667 0.04878
0 0.81 0.153659 0.05 0.04878
0 0.84 0.12439 0.073333 0.04878
0 0.9 0.156098 0.066667 0.04878
0 0.95 0.102439 0.063333 0.046341
