0 0.07 0.926829 0.08 0.04878
0 0.15 0.926829 0.066667 0.058537
0 0.316667 0.931707 0.056667 0.04878
0 0.363333 0.970732 0.053333 0.041463
0 0.39 0.987805 0.076667 0.04878
0 0.743333 0.921951 0.066667 0.046341
0 0.096667 0.84878 0.066667 0.04878
0 0.09 0.809756 0.053333 0.04878
0 0.686667 0.778049 0.063333 0.058537
0 0.55 0.768293 0.056667 0.04878
0 0.213333 0.756098 0.063333 0.039024
0 0.376667 0.702439 0.056667 0.043902
0 0.37 0.741463 0.06 0.043902
0 0.16 0.702439 0.066667 0.046341
0 0.073333 0.663415 0.06 0.043902
0 0.593333 0.656098 0.06 0.04878
0 0.62 0.617073 0.076667 0.04878
0 0.663333 0.568293 0.066667 0.04878
0 0.086667 0.531707 0.073333 0.053659
0 0.166667 0.541463 0.07 0.04878
0 0.73 0.487805 0.073333 0.05122
0 0.83 0.402439 0.07 0.04878
0 0.52 0.478049 0.053333 0.04878
0 0.47 0.512195 0.066667 0.04878
0 0.403333 0.502439 0.07 0.05122
0 0.206667 0.439024 0.07 0.043902
0 0.243333 0.460976 0.056667 0.039024
0 0.196667 0.402439 0.053333 0.04878
0 0.25 0.42439 0.066667 0.041463
0 0.25 0.380488 0.073333 0.04878
0 0.243333 0.317073 0.066667 0.04878
0 0.366667 0.397561 0.063333 0.043902
0 0.356667 0.468293 0.066667 0.039024
0 0.66 0.341463 0.076667 0.05122
0 0.923333 0.109756 0.053333 0.043902
0 0.823333 0.109756 0.073333 0.04878
0 0.896667 0.158537 0.06 0.046341
0 0.803333 0.165854 0.06 0.04878
0 0.733333 0.190244 0.06 0.04878
0 0.536667 0.265854 0.063333 0.04878
0 0.573333 0.256098 0.066667 0.04878
0 0.553333 0.202439 0.073333 0.04878
0 0.496667 0.165854 0.076667 0.043902
0 0.34 0.190244 0.073333 0.05122
0 0.11 0.282927 0.066667 0.04878
0 0.063333 0.285366 0.066667 0.043902
0 0.053333 0.217073 0.076667 0.04878
0 0.103333 0.163415 0.07 0.05122
0 0.15 0.17561 0.06 0.05122
0 0.156667 0.053659 0.066667 0.04878
0 0.27 0.07561 0.07 0.053659
0 0.64 0.043902 0.066667 0.04878
0 0.403333 0.019512 0.06 0.041463
0 0.38 0.117073 0.073333 0.053659
0 0.323333 0.134146 0.056667 0.043902
0 0.343333 0.104878 0.066667 0.04878
