0 0.103333 0.921951 0.076667 0.04878
0 0.153333 0.912195 0.073333 0.05122
0 0.296667 0.946341 0.066667 0.046341
0 0.366667 0.965854 0.043333 0.043902
0 0.386667 0.990244 0.066667 0.04878
0 0.77 0.921951 0.073333 0.04878
0 0.086667 0.785366 0.053333 0.041463
0 0.096667 0.812195 0.066667 0.05122
0 0.25 0.760976 0.056667 0.041463
0 0.373333 0.707317 0.056667 0.039024
0 0.376667 0.756098 0.056667 0.046341
0 0.53 0.734146 0.06 0.043902
0 0.66 0.736585 0.07 0.060976
0 0.076667 0.656098 0.053333 0.043902
0 0.136667 0.673171 0.07 0.04878
0 0.586667 0.670732 0.066667 0.053659
0 0.596667 0.626829 0.076667 0.04878
0 0.64 0.556098 0.08 0.04878
0 0.086667 0.556098 0.073333 0.058537
0 0.16 0.526829 0.073333 0.04878
0 0.82 0.421951 0.073333 0.056098
0 0.703333 0.458537 0.076667 0.053659
0 0.48 0.507317 0.066667 0.04878
0 0.503333 0.473171 0.053333 0.04878
0 0.386667 0.482927 0.073333 0.053659
0 0.21 0.441463 0.066667 0.04878
0 0.253333 0.456098 0.066667 0.05122
0 0.263333 0.421951 0.076667 0.04878
0 0.21 0.392683 0.066667 0.04878
0 0.39 0.380488 0.063333 0.046341
0 0.613333 0.346341 0.076667 0.05122
0 0.52 0.282927 0.07 0.04878
0 0.576667 0.280488 0.073333 0.053659
0 0.12 0.278049 0.1 0.053659
0 0.236667 0.297561 0.073333 0.053659
0 0.34 0.217073 0.07 0.04878
0 0.043333 0.212195 0.066667 0.046341
0 0.053333 0.158537 0.066667 0.04878
0 0.086667 0.139024 0.066667 0.04878
0 0.133333 0.156098 0.056667 0.046341
0 0.52 0.207317 0.076667 0.05122
0 0.48 0.158537 0.076667 0.04878
0 0.353333 0.136585 0.086667 0.04878
0 0.333333 0.117073 0.066667 0.04878
0 0.163333 0.036585 0.06 0.04878
0 0.276667 0.068293 0.06 0.05122
0 0.416667 0.019512 0.06 0.046341
0 0.74 0.209756 0.066667 0.056098
0 0.81 0.187805 0.07 0.05122
0 0.903333 0.160976 0.06 0.041463
0 0.913333 0.107317 0.06 0.043902
0 0.803333 0.097561 0.073333 0.05122
0 0.653333 0.05122 0.066667 0.04878
