0 0.363333 0.973171 0.06 0.046341
0 0.793333 0.912195 0.066667 0.04878
0 0.273333 0.94878 0.073333 0.04878
0 0.13 0.921951 0.076667 0.05122
0 0.17 0.895122 0.076667 0.04878
0 0.096667 0.778049 0.07 0.056098
0 0.273333 0.758537 0.053333 0.039024
0 0.36 0.721951 0.053333 0.036585
0 0.386667 0.768293 0.056667 0.04878
0 0.63 0.697561 0.063333 0.04878
0 0.5 0.695122 0.056667 0.04878
0 0.573333 0.692683 0.07 0.05122
0 0.086667 0.656098 0.046667 0.04878
0 0.12 0.65122 0.066667 0.05122
0 0.076667 0.582927 0.073333 0.056098
0 0.563333 0.629268 0.08 0.05122
0 0.606667 0.556098 0.076667 0.05122
0 0.816667 0.441463 0.066667 0.056098
0 0.666667 0.429268 0.076667 0.056098
0 0.493333 0.463415 0.06 0.04878
0 0.49 0.502439 0.066667 0.04878
0 0.136667 0.497561 0.07 0.04878
0 0.38 0.463415 0.07 0.053659
0 0.183333 0.404878 0.073333 0.05122
0 0.22 0.44878 0.06 0.04878
0 0.266667 0.453659 0.056667 0.039024
0 0.266667 0.417073 0.073333 0.053659
0 0.406667 0.370732 0.06 0.041463
0 0.583333 0.35122 0.076667 0.04878
0 0.51 0.304878 0.073333 0.053659
0 0.576667 0.297561 0.07 0.05122
0 0.153333 0.27561 0.073333 0.05122
0 0.233333 0.273171 0.06 0.04878
0 0.336667 0.239024 0.066667 0.053659
0 0.496667 0.209756 0.076667 0.046341
0 0.74 0.22439 0.07 0.05122
0 0.806667 0.2 0.07 0.053659
0 0.026667 0.212195 0.066667 0.046341
0 0.073333 0.114634 0.066667 0.04878
0 0.113333 0.14878 0.06 0.04878
0 0.903333 0.158537 0.056667 0.046341
0 0.91 0.107317 0.063333 0.046341
0 0.793333 0.087805 0.076667 0.04878
0 0.463333 0.153659 0.083333 0.04878
0 0.333333 0.143902 0.073333 0.04878
0 0.296667 0.136585 0.06 0.04878
0 0.35 0.117073 0.066667 0.04878
0 0.356667 0.087805 0.056667 0.04878
0 0.29 0.05122 0.076667 0.05122
0 0.426667 0.026829 0.053333 0.043902
0 0.66 0.046341 0.06 0.046341
