0 0.93 0.980488 0.07 0.053659
0 0.816667 0.909756 0.073333 0.05122
0 0.366667 0.973171 0.053333 0.041463
0 0.25 0.953659 0.073333 0.04878
0 0.17 0.919512 0.08 0.046341
0 0.17 0.890244 0.07 0.053659
0 0.093333 0.74878 0.073333 0.063415
0 0.296667 0.763415 0.05 0.036585
0 0.39 0.778049 0.066667 0.05122
0 0.356667 0.72439 0.053333 0.041463
0 0.09 0.658537 0.04 0.031707
0 0.063333 0.602439 0.07 0.056098
0 0.116667 0.639024 0.07 0.04878
0 0.466667 0.656098 0.066667 0.053659
0 0.556667 0.709756 0.073333 0.04878
0 0.6 0.665854 0.066667 0.056098
0 0.533333 0.617073 0.076667 0.05122
0 0.583333 0.55122 0.073333 0.04878
0 0.503333 0.5 0.07 0.04878
0 0.826667 0.460976 0.07 0.053659
0 0.113333 0.473171 0.073333 0.04878
0 0.136667 0.417073 0.073333 0.04878
0 0.216667 0.44878 0.066667 0.056098
0 0.203333 0.392683 0.056667 0.04878
0 0.28 0.4 0.073333 0.053659
0 0.27 0.441463 0.07 0.05122
0 0.366667 0.443902 0.07 0.04878
0 0.393333 0.47561 0.066667 0.043902
0 0.486667 0.458537 0.06 0.043902
0 0.643333 0.404878 0.09 0.05122
0 0.41 0.363415 0.066667 0.04878
0 0.55 0.370732 0.073333 0.05122
0 0.5 0.329268 0.07 0.058537
0 0.576667 0.307317 0.066667 0.04878
0 0.18 0.27561 0.073333 0.05122
0 0.34 0.265854 0.07 0.056098
0 0.223333 0.243902 0.06 0.04878
0 0.473333 0.209756 0.08 0.04878
0 0.74 0.243902 0.07 0.053659
0 0.796667 0.219512 0.07 0.053659
0 0.903333 0.163415 0.06 0.046341
0 0.886667 0.102439 0.07 0.04878
0 0.793333 0.082927 0.09 0.04878
0 0.443333 0.15122 0.073333 0.04878
0 0.056667 0.092683 0.073333 0.05122
0 0.106667 0.139024 0.073333 0.04878
0 0.296667 0.141463 0.106667 0.04878
0 0.363333 0.121951 0.073333 0.041463
0 0.353333 0.082927 0.056667 0.039024
0 0.18 0.02439 0.063333 0.043902
0 0.296667 0.043902 0.076667 0.04878
0 0.43 0.021951 0.056667 0.046341
0 0.656667 0.029268 0.06 0.041463
