0 0.933333 0.95122 0.066667 0.058537
0 0.836667 0.9 0.073333 0.04878
0 0.37 0.968293 0.05 0.04878
0 0.233333 0.960976 0.073333 0.04878
0 0.213333 0.919512 0.086667 0.04878
0 0.173333 0.882927 0.073333 0.053659
0 0.086667 0.726829 0.076667 0.056098
0 0.09 0.656098 0.043333 0.036585
0 0.043333 0.626829 0.076667 0.053659
0 0.11 0.634146 0.063333 0.060976
0 0.313333 0.768293 0.04 0.031707
0 0.393333 0.795122 0.066667 0.053659
0 0.35 0.729268 0.04 0.036585
0 0.52 0.717073 0.073333 0.05122
0 0.43 0.629268 0.056667 0.043902
0 0.563333 0.643902 0.073333 0.05122
0 0.503333 0.590244 0.073333 0.04878
0 0.56 0.546341 0.076667 0.04878
0 0.976667 0.487805 0.066667 0.04878
0 0.83 0.482927 0.07 0.053659
0 0.52 0.495122 0.07 0.04878
0 0.63 0.390244 0.073333 0.05122
0 0.096667 0.456098 0.07 0.05122
0 0.093333 0.426829 0.066667 0.043902
0 0.236667 0.502439 0.056667 0.039024
0 0.2 0.385366 0.053333 0.046341
0 0.223333 0.434146 0.05 0.04878
0 0.466667 0.446341 0.056667 0.043902
0 0.403333 0.473171 0.066667 0.04878
0 0.36 0.429268 0.07 0.05122
0 0.27 0.463415 0.053333 0.043902
0 0.286667 0.37561 0.07 0.056098
0 0.28 0.426829 0.063333 0.056098
0 0.423333 0.356098 0.043333 0.039024
0 0.523333 0.390244 0.066667 0.056098
0 0.493333 0.346341 0.073333 0.058537
0 0.583333 0.309756 0.073333 0.04878
0 0.736667 0.256098 0.07 0.05122
0 0.79 0.24878 0.066667 0.05122
0 0.896667 0.168293 0.056667 0.05122
0 0.34 0.292683 0.066667 0.05122
0 0.46 0.204878 0.083333 0.04878
0 0.203333 0.278049 0.073333 0.053659
0 0.22 0.217073 0.066667 0.04878
0 0.863333 0.104878 0.08 0.041463
0 0.783333 0.082927 0.076667 0.04878
0 0.43 0.15122 0.07 0.046341
0 0.37 0.129268 0.066667 0.041463
0 0.263333 0.131707 0.083333 0.053659
0 0.09 0.119512 0.066667 0.046341
0 0.04 0.07561 0.066667 0.04878
0 0.023333 0.141463 0.066667 0.04878
0 0.193333 0.021951 0.066667 0.04878
0 0.296667 0.043902 0.066667 0.04878
0 0.346667 0.082927 0.06 0.039024
0 0.43 0.019512 0.05 0.046341
