0 0.926667 0.921951 0.07 0.053659
0 0.856667 0.895122 0.07 0.05122
0 0.376667 0.965854 0.066667 0.043902
0 0.213333 0.965854 0.07 0.04878
0 0.253333 0.917073 0.08 0.04878
0 0.17 0.868293 0.073333 0.04878
0 0.32 0.785366 0.053333 0.036585
0 0.346667 0.729268 0.043333 0.039024
0 0.4 0.804878 0.07 0.04878
0 0.5 0.726829 0.07 0.04878
0 0.963333 0.487805 0.07 0.05122
0 0.843333 0.514634 0.066667 0.053659
0 0.54 0.626829 0.07 0.04878
0 0.39 0.604878 0.056667 0.041463
0 0.076667 0.702439 0.07 0.04878
0 0.02 0.636585 0.066667 0.04878
0 0.08 0.658537 0.056667 0.041463
0 0.11 0.607317 0.056667 0.041463
0 0.476667 0.558537 0.07 0.04878
0 0.54 0.543902 0.066667 0.04878
0 0.536667 0.495122 0.066667 0.04878
0 0.043333 0.45122 0.06 0.039024
0 0.07 0.429268 0.073333 0.04878
0 0.25 0.529268 0.06 0.043902
0 0.173333 0.37561 0.066667 0.043902
0 0.22 0.42439 0.063333 0.046341
0 0.27 0.473171 0.06 0.046341
0 0.41 0.47561 0.066667 0.04878
0 0.616667 0.380488 0.07 0.053659
0 0.286667 0.34878 0.07 0.05122
0 0.29 0.407317 0.07 0.053659
0 0.353333 0.414634 0.07 0.056098
0 0.443333 0.431707 0.056667 0.043902
0 0.493333 0.421951 0.063333 0.05122
0 0.483333 0.360976 0.073333 0.04878
0 0.436667 0.35122 0.056667 0.036585
0 0.78 0.285366 0.063333 0.04878
0 0.74 0.278049 0.066667 0.04878
0 0.586667 0.302439 0.06 0.041463
0 0.893333 0.17561 0.066667 0.041463
0 0.34 0.309756 0.066667 0.05122
0 0.216667 0.278049 0.073333 0.058537
0 0.446667 0.207317 0.076667 0.05122
0 0.2 0.192683 0.073333 0.04878
0 0.42 0.153659 0.066667 0.043902
0 0.826667 0.104878 0.066667 0.039024
0 0.903333 0.046341 0.063333 0.053659
0 0.78 0.087805 0.066667 0.04878
0 0.033333 0.139024 0.063333 0.04878
0 0.12 0.146341 0.066667 0.043902
0 0.223333 0.156098 0.066667 0.04878
0 0.22 0.12439 0.08 0.04878
0 0.383333 0.12439 0.08 0.04878
0 0.34 0.080488 0.053333 0.039024
0 0.073333 0.109756 0.056667 0.043902
0 0.03 0.063415 0.066667 0.039024
0 0.213333 0.026829 0.066667 0.041463
0 0.303333 0.036585 0.056667 0.04878
