0 0.193333 0.973171 0.066667 0.04878
0 0.39 0.965854 0.066667 0.04878
0 0.926667 0.890244 0.06 0.056098
0 0.88 0.887805 0.06 0.04878
0 0.283333 0.917073 0.073333 0.04878
0 0.176667 0.853659 0.073333 0.053659
0 0.406667 0.817073 0.056667 0.04878
0 0.32 0.790244 0.04 0.039024
0 0.346667 0.731707 0.04 0.034146
0 0.483333 0.72439 0.073333 0.04878
0 0.85 0.553659 0.066667 0.053659
0 0.96 0.487805 0.073333 0.04878
0 0.05 0.685366 0.066667 0.04878
0 0.073333 0.673171 0.053333 0.04878
0 0.11 0.587805 0.046667 0.04878
0 0.363333 0.592683 0.056667 0.041463
0 0.516667 0.609756 0.073333 0.04878
0 0.53 0.546341 0.07 0.05122
0 0.456667 0.526829 0.066667 0.05122
0 0.546667 0.495122 0.066667 0.043902
0 0.036667 0.404878 0.066667 0.04878
0 0.143333 0.370732 0.06 0.046341
0 0.206667 0.404878 0.063333 0.04878
0 0.42 0.482927 0.06 0.041463
0 0.473333 0.44878 0.066667 0.05122
0 0.426667 0.417073 0.07 0.04878
0 0.34 0.395122 0.07 0.05122
0 0.293333 0.382927 0.053333 0.04878
0 0.276667 0.336585 0.066667 0.056098
0 0.603333 0.360976 0.07 0.053659
0 0.45 0.356098 0.073333 0.053659
0 0.34 0.32439 0.07 0.05122
0 0.236667 0.287805 0.066667 0.05122
0 0.23 0.253659 0.066667 0.04878
0 0.773333 0.319512 0.07 0.04878
0 0.743333 0.297561 0.07 0.04878
0 0.583333 0.292683 0.06 0.046341
0 0.88 0.180488 0.066667 0.04878
0 0.433333 0.207317 0.066667 0.043902
0 0.79 0.102439 0.073333 0.04878
0 0.91 0.078049 0.066667 0.04878
0 0.18 0.17561 0.066667 0.039024
0 0.21 0.160976 0.056667 0.04878
0 0.416667 0.15122 0.066667 0.036585
0 0.38 0.12439 0.063333 0.04878
0 0.05 0.136585 0.07 0.04878
0 0.173333 0.119512 0.08 0.04878
0 0.063333 0.1 0.066667 0.041463
0 0.343333 0.078049 0.05 0.039024
0 0.3 0.021951 0.056667 0.036585
0 0.23 0.019512 0.066667 0.041463
