0 0.166667 0.980488 0.056667 0.041463
0 0.41 0.965854 0.066667 0.04878
0 0.883333 0.87561 0.066667 0.04878
0 0.92 0.863415 0.066667 0.056098
0 0.31 0.909756 0.08 0.04878
0 0.166667 0.831707 0.07 0.053659
0 0.416667 0.821951 0.063333 0.053659
0 0.32 0.795122 0.043333 0.036585
0 0.34 0.731707 0.04 0.041463
0 0.46 0.719512 0.073333 0.04878
0 0.043333 0.665854 0.066667 0.04878
0 0.1 0.565854 0.056667 0.04878
0 0.326667 0.580488 0.056667 0.043902
0 0.283333 0.565854 0.036667 0.043902
0 0.283333 0.485366 0.05 0.041463
0 0.483333 0.580488 0.07 0.04878
0 0.85 0.592683 0.07 0.053659
0 0.953333 0.482927 0.08 0.04878
0 0.516667 0.543902 0.06 0.039024
0 0.553333 0.492683 0.066667 0.04878
0 0.77 0.356098 0.066667 0.053659
0 0.743333 0.312195 0.073333 0.053659
0 0.426667 0.497561 0.063333 0.04878
0 0.446667 0.468293 0.066667 0.04878
0 0.583333 0.334146 0.066667 0.05122
0 0.576667 0.273171 0.06 0.046341
0 0.403333 0.409756 0.07 0.04878
0 0.43 0.334146 0.08 0.05122
0 0.023333 0.37561 0.066667 0.04878
0 0.1 0.358537 0.066667 0.041463
0 0.196667 0.378049 0.076667 0.04878
0 0.33 0.378049 0.073333 0.04878
0 0.283333 0.353659 0.05 0.04878
0 0.346667 0.334146 0.066667 0.053659
0 0.273333 0.312195 0.06 0.04878
0 0.246667 0.285366 0.066667 0.04878
0 0.246667 0.241463 0.066667 0.05122
0 0.43 0.2 0.08 0.04878
0 0.87 0.182927 0.066667 0.04878
0 0.77 0.104878 0.08 0.053659
0 0.91 0.104878 0.07 0.053659
0 0.19 0.170732 0.06 0.04878
0 0.393333 0.141463 0.056667 0.043902
0 0.38 0.121951 0.056667 0.041463
0 0.146667 0.153659 0.056667 0.04878
0 0.076667 0.129268 0.066667 0.04878
0 0.126667 0.112195 0.076667 0.04878
0 0.056667 0.082927 0.053333 0.041463
0 0.34 0.073171 0.053333 0.039024
0 0.296667 0.021951 0.056667 0.039024
0 0.826667 0.019512 0.066667 0.04878
