0 0.15 0.987805 0.066667 0.04878
0 0.443333 0.968293 0.066667 0.041463
0 0.323333 0.907317 0.07 0.05122
0 0.886667 0.873171 0.066667 0.039024
0 0.913333 0.834146 0.066667 0.056098
0 0.156667 0.807317 0.066667 0.056098
0 0.423333 0.829268 0.056667 0.04878
0 0.33 0.797561 0.05 0.039024
0 0.333333 0.734146 0.05 0.041463
0 0.44 0.709756 0.07 0.04878
0 0.846667 0.626829 0.066667 0.056098
0 0.033333 0.658537 0.066667 0.05122
0 0.063333 0.643902 0.046667 0.04878
0 0.936667 0.482927 0.073333 0.04878
0 0.083333 0.541463 0.06 0.04878
0 0.303333 0.578049 0.066667 0.041463
0 0.46 0.558537 0.076667 0.04878
0 0.51 0.539024 0.05 0.039024
0 0.566667 0.492683 0.056667 0.043902
0 0.396667 0.485366 0.066667 0.04878
0 0.43 0.473171 0.066667 0.039024
0 0.763333 0.387805 0.06 0.053659
0 0.73 0.326829 0.066667 0.053659
0 0.56 0.312195 0.076667 0.05122
0 0.056667 0.358537 0.063333 0.041463
0 0.17 0.35122 0.073333 0.04878
0 0.38 0.404878 0.073333 0.04878
0 0.57 0.253659 0.056667 0.04878
0 0.316667 0.368293 0.07 0.04878
0 0.353333 0.35122 0.06 0.043902
0 0.42 0.319512 0.076667 0.053659
0 0.273333 0.336585 0.05 0.04878
0 0.273333 0.292683 0.076667 0.053659
0 0.25 0.234146 0.073333 0.053659
0 0.183333 0.17561 0.06 0.053659
0 0.11 0.139024 0.086667 0.041463
0 0.1 0.114634 0.093333 0.041463
0 0.426667 0.204878 0.073333 0.041463
0 0.853333 0.195122 0.066667 0.041463
0 0.383333 0.12439 0.073333 0.04878
0 0.333333 0.073171 0.05 0.041463
0 0.3 0.029268 0.05 0.046341
0 0.05 0.070732 0.043333 0.041463
0 0.766667 0.129268 0.07 0.053659
0 0.733333 0.097561 0.066667 0.043902
0 0.916667 0.134146 0.063333 0.053659
0 0.96 0.060976 0.06 0.04878
0 0.81 0.039024 0.066667 0.04878
