0 0.126667 0.995122 0.066667 0.034146
0 0.47 0.978049 0.07 0.043902
0 0.896667 0.865854 0.066667 0.04878
0 0.906667 0.797561 0.063333 0.04878
0 0.343333 0.9 0.07 0.04878
0 0.416667 0.831707 0.066667 0.053659
0 0.346667 0.802439 0.053333 0.034146
0 0.143333 0.778049 0.056667 0.058537
0 0.833333 0.658537 0.066667 0.056098
0 0.92 0.487805 0.07 0.04878
0 0.323333 0.736585 0.053333 0.041463
0 0.41 0.7 0.066667 0.041463
0 0.016667 0.64878 0.066667 0.041463
0 0.056667 0.62439 0.053333 0.043902
0 0.066667 0.519512 0.066667 0.043902
0 0.283333 0.578049 0.08 0.04878
0 0.426667 0.543902 0.08 0.05122
0 0.506667 0.543902 0.05 0.036585
0 0.293333 0.509756 0.043333 0.036585
0 0.47 0.497561 0.04 0.026829
0 0.57 0.502439 0.05 0.036585
0 0.366667 0.470732 0.096667 0.04878
0 0.743333 0.417073 0.066667 0.04878
0 0.71 0.341463 0.07 0.05122
0 0.023333 0.353659 0.063333 0.043902
0 0.153333 0.326829 0.076667 0.053659
0 0.353333 0.397561 0.066667 0.043902
0 0.36 0.365854 0.056667 0.04878
0 0.293333 0.358537 0.07 0.04878
0 0.523333 0.290244 0.08 0.043902
0 0.43 0.319512 0.046667 0.036585
0 0.553333 0.22439 0.05 0.04878
0 0.406667 0.290244 0.07 0.04878
0 0.273333 0.304878 0.06 0.046341
0 0.273333 0.270732 0.06 0.05122
0 0.266667 0.219512 0.066667 0.04878
0 0.416667 0.2 0.076667 0.04878
0 0.84 0.2 0.063333 0.046341
0 0.746667 0.143902 0.066667 0.05122
0 0.916667 0.160976 0.066667 0.05122
0 0.96 0.097561 0.066667 0.05122
0 0.696667 0.1 0.066667 0.043902
0 0.783333 0.04878 0.066667 0.04878
0 0.18 0.190244 0.063333 0.04878
0 0.056667 0.058537 0.053333 0.043902
0 0.05 0.119512 0.066667 0.04878
0 0.103333 0.139024 0.066667 0.04878
0 0.136667 0.109756 0.066667 0.04878
0 0.166667 0.139024 0.056667 0.039024
0 0.393333 0.121951 0.066667 0.039024
0 0.356667 0.1 0.056667 0.039024
0 0.343333 0.065854 0.05 0.036585
0 0.293333 0.058537 0.056667 0.053659
