0 0.503333 0.985366 0.07 0.039024
0 0.893333 0.865854 0.066667 0.04878
0 0.346667 0.892683 0.063333 0.04878
0 0.013333 0.973171 0.05 0.039024
0 0.42 0.839024 0.063333 0.05122
0 0.89 0.778049 0.06 0.053659
0 0.136667 0.753659 0.063333 0.053659
0 0.356667 0.807317 0.046667 0.036585
0 0.306667 0.741463 0.043333 0.041463
0 0.813333 0.682927 0.06 0.053659
0 0.39 0.687805 0.073333 0.043902
0 0.056667 0.597561 0.056667 0.04878
0 0.02 0.636585 0.06 0.04878
0 0.24 0.568293 0.066667 0.039024
0 0.046667 0.495122 0.066667 0.043902
0 0.316667 0.602439 0.046667 0.034146
0 0.906667 0.490244 0.073333 0.04878
0 0.29 0.517073 0.05 0.036585
0 0.39 0.521951 0.08 0.046341
0 0.473333 0.504878 0.043333 0.036585
0 0.516667 0.541463 0.06 0.041463
0 0.573333 0.502439 0.04 0.043902
0 0.323333 0.458537 0.09 0.043902
0 0.716667 0.426829 0.073333 0.05122
0 0.693333 0.356098 0.07 0.05122
0 0.333333 0.395122 0.07 0.039024
0 0.363333 0.382927 0.06 0.046341
0 0.286667 0.35122 0.07 0.04878
0 0.126667 0.302439 0.08 0.05122
0 0.826667 0.207317 0.063333 0.046341
0 0.916667 0.190244 0.066667 0.05122
0 0.963333 0.136585 0.06 0.05122
0 0.44 0.309756 0.05 0.034146
0 0.54 0.2 0.05 0.04878
0 0.726667 0.163415 0.073333 0.05122
0 0.76 0.053659 0.073333 0.04878
0 0.653333 0.1 0.073333 0.041463
0 0.49 0.268293 0.073333 0.04878
0 0.24 0.290244 0.06 0.041463
0 0.283333 0.304878 0.056667 0.039024
0 0.38 0.263415 0.066667 0.05122
0 0.406667 0.197561 0.066667 0.041463
0 0.283333 0.246341 0.066667 0.05122
0 0.276667 0.209756 0.066667 0.043902
0 0.17 0.212195 0.06 0.05122
0 0.396667 0.12439 0.073333 0.043902
0 0.346667 0.095122 0.066667 0.046341
0 0.343333 0.060976 0.053333 0.041463
0 0.283333 0.092683 0.063333 0.05122
0 0.186667 0.139024 0.06 0.039024
0 0.156667 0.102439 0.07 0.04878
0 0.13 0.143902 0.066667 0.036585
0 0.076667 0.146341 0.073333 0.043902
0 0.02 0.131707 0.066667 0.046341
0 0.056667 0.043902 0.053333 0.039024
