0 0.02 0.982927 0.056667 0.041463
0 0.53 0.987805 0.066667 0.04878
0 0.91 0.865854 0.066667 0.04878
0 0.346667 0.880488 0.063333 0.043902
0 0.426667 0.836585 0.066667 0.04878
0 0.373333 0.814634 0.05 0.041463
0 0.876667 0.75122 0.06 0.05122
0 0.933333 0.721951 0.046667 0.041463
0 0.293333 0.736585 0.046667 0.039024
0 0.126667 0.731707 0.056667 0.056098
0 0.373333 0.67561 0.073333 0.04878
0 0.79 0.702439 0.073333 0.04878
0 0.886667 0.497561 0.07 0.04878
0 0.033333 0.639024 0.05 0.039024
0 0.05 0.582927 0.066667 0.04878
0 0.026667 0.47561 0.066667 0.046341
0 0.213333 0.558537 0.066667 0.041463
0 0.316667 0.612195 0.046667 0.036585
0 0.273333 0.512195 0.053333 0.043902
0 0.36 0.507317 0.08 0.05122
0 0.476667 0.512195 0.05 0.041463
0 0.526667 0.543902 0.073333 0.046341
0 0.573333 0.512195 0.053333 0.041463
0 0.683333 0.434146 0.073333 0.046341
0 0.663333 0.365854 0.076667 0.05122
0 0.27 0.45122 0.076667 0.041463
0 0.29 0.426829 0.073333 0.039024
0 0.36 0.397561 0.063333 0.04878
0 0.303333 0.382927 0.073333 0.046341
0 0.256667 0.339024 0.076667 0.05122
0 0.106667 0.285366 0.08 0.05122
0 0.966667 0.173171 0.06 0.053659
0 0.91 0.217073 0.06 0.056098
0 0.803333 0.214634 0.06 0.043902
0 0.703333 0.17561 0.076667 0.05122
0 0.453333 0.297561 0.056667 0.041463
0 0.293333 0.312195 0.063333 0.05122
0 0.22 0.263415 0.063333 0.046341
0 0.15 0.229268 0.066667 0.04878
0 0.526667 0.173171 0.053333 0.04878
0 0.47 0.24878 0.083333 0.053659
0 0.363333 0.239024 0.07 0.05122
0 0.293333 0.226829 0.07 0.04878
0 0.29 0.2 0.06 0.039024
0 0.393333 0.195122 0.066667 0.043902
0 0.73 0.060976 0.07 0.05122
0 0.62 0.097561 0.083333 0.04878
0 0.4 0.12439 0.073333 0.04878
0 0.343333 0.095122 0.066667 0.043902
0 0.343333 0.058537 0.06 0.041463
0 0.266667 0.129268 0.066667 0.053659
0 0.043333 0.160976 0.07 0.05122
0 0.173333 0.092683 0.076667 0.04878
0 0.15 0.141463 0.06 0.039024
0 0.206667 0.143902 0.053333 0.039024
0 0.066667 0.026829 0.063333 0.036585
