0 0.023333 0.041463 0.063333 0.04878
0 0.086667 0.019512 0.063333 0.043902
0 0.19 0.078049 0.086667 0.053659
0 0.026667 0.178049 0.073333 0.053659
0 0.17 0.134146 0.076667 0.053659
0 0.35 0.053659 0.06 0.046341
0 0.34 0.095122 0.073333 0.04878
0 0.243333 0.163415 0.076667 0.05122
0 0.703333 0.063415 0.08 0.053659
0 0.566667 0.087805 0.083333 0.05122
0 0.41 0.121951 0.08 0.05122
0 0.52 0.156098 0.066667 0.058537
0 0.086667 0.263415 0.086667 0.053659
0 0.13 0.241463 0.076667 0.05122
0 0.2 0.241463 0.076667 0.056098
0 0.3 0.209756 0.076667 0.053659
0 0.353333 0.219512 0.07 0.063415
0 0.383333 0.187805 0.073333 0.04878
0 0.68 0.190244 0.076667 0.05122
0 0.796667 0.221951 0.07 0.04878
0 0.963333 0.182927 0.066667 0.04878
0 0.966667 0.221951 0.07 0.05122
0 0.916667 0.239024 0.073333 0.060976
0 0.46 0.236585 0.08 0.056098
0 0.473333 0.287805 0.066667 0.04878
0 0.316667 0.32439 0.07 0.05122
0 0.236667 0.331707 0.086667 0.05122
0 0.276667 0.360976 0.083333 0.05122
0 0.243333 0.409756 0.08 0.04878
0 0.226667 0.443902 0.086667 0.046341
0 0.016667 0.460976 0.066667 0.04878
0 0.363333 0.409756 0.066667 0.04878
0 0.636667 0.368293 0.093333 0.056098
0 0.643333 0.431707 0.086667 0.053659
0 0.866667 0.502439 0.08 0.05122
0 0.57 0.512195 0.066667 0.04878
0 0.55 0.543902 0.07 0.04878
0 0.473333 0.517073 0.066667 0.04878
0 0.336667 0.5 0.09 0.056098
0 0.27 0.517073 0.073333 0.04878
0 0.186667 0.546341 0.093333 0.05122
0 0.05 0.578049 0.073333 0.058537
0 0.04 0.634146 0.066667 0.04878
0 0.323333 0.614634 0.066667 0.04878
0 0.34 0.663415 0.08 0.053659
0 0.12 0.709756 0.073333 0.063415
0 0.293333 0.736585 0.06 0.046341
0 0.923333 0.7 0.066667 0.04878
0 0.773333 0.704878 0.083333 0.05122
0 0.86 0.72439 0.066667 0.056098
0 0.916667 0.863415 0.073333 0.05122
0 0.386667 0.829268 0.056667 0.04878
0 0.426667 0.841463 0.073333 0.058537
0 0.56 0.985366 0.093333 0.05122
0 0.34 0.873171 0.066667 0.04878
0 0.026667 0.990244 0.066667 0.04878
