0 0.023333 0.04878 0.066667 0.04878
0 0.056667 0.019512 0.066667 0.04878
0 0.11 0.031707 0.066667 0.04878
0 0.216667 0.07561 0.083333 0.05122
0 0.35 0.04878 0.06 0.04878
0 0.56 0.014634 0.066667 0.04878
0 0.67 0.058537 0.08 0.05122
0 0.526667 0.078049 0.073333 0.05122
0 0.19 0.134146 0.073333 0.04878
0 0.233333 0.136585 0.066667 0.04878
0 0.333333 0.095122 0.073333 0.046341
0 0.423333 0.114634 0.073333 0.04878
0 0.51 0.134146 0.066667 0.05122
0 0.96 0.180488 0.066667 0.046341
0 0.656667 0.207317 0.076667 0.058537
0 0.77 0.22439 0.066667 0.04878
0 0.906667 0.270732 0.066667 0.060976
0 0.963333 0.263415 0.066667 0.065854
0 0.196667 0.17561 0.086667 0.05122
0 0.063333 0.246341 0.083333 0.056098
0 0.11 0.253659 0.07 0.05122
0 0.183333 0.217073 0.073333 0.053659
0 0.303333 0.197561 0.07 0.056098
0 0.353333 0.207317 0.066667 0.056098
0 0.373333 0.185366 0.07 0.043902
0 0.446667 0.234146 0.086667 0.053659
0 0.496667 0.27561 0.073333 0.046341
0 0.216667 0.319512 0.09 0.05122
0 0.333333 0.329268 0.073333 0.05122
0 0.246667 0.346341 0.083333 0.04878
0 0.203333 0.382927 0.08 0.04878
0 0.173333 0.436585 0.096667 0.04878
0 0.376667 0.42439 0.06 0.04878
0 0.61 0.358537 0.093333 0.05122
0 0.603333 0.429268 0.083333 0.05122
0 0.843333 0.509756 0.08 0.053659
0 0.156667 0.521951 0.076667 0.046341
0 0.256667 0.512195 0.08 0.046341
0 0.316667 0.490244 0.09 0.04878
0 0.46 0.519512 0.06 0.046341
0 0.59 0.546341 0.073333 0.046341
0 0.566667 0.519512 0.066667 0.04878
0 0.05 0.558537 0.07 0.056098
0 0.046667 0.626829 0.066667 0.04878
0 0.33 0.619512 0.06 0.043902
0 0.113333 0.685366 0.066667 0.053659
0 0.313333 0.643902 0.076667 0.05122
0 0.286667 0.726829 0.063333 0.046341
0 0.913333 0.668293 0.06 0.04878
0 0.85 0.695122 0.066667 0.063415
0 0.74 0.704878 0.096667 0.053659
0 0.333333 0.860976 0.06 0.04878
0 0.4 0.856098 0.06 0.05122
0 0.436667 0.836585 0.07 0.058537
0 0.92 0.860976 0.063333 0.05122
0 0.29 0.990244 0.086667 0.04878
0 0.56 0.973171 0.076667 0.04878
0 0.596667 0.965854 0.07 0.04878
