0 0.043333 0.987805 0.066667 0.04878
0 0.263333 0.97561 0.083333 0.046341
0 0.583333 0.960976 0.076667 0.04878
0 0.603333 0.946341 0.073333 0.04878
0 0.926667 0.863415 0.066667 0.04878
0 0.42 0.878049 0.063333 0.04878
0 0.44 0.841463 0.073333 0.053659
0 0.326667 0.841463 0.066667 0.04878
0 0.276667 0.721951 0.063333 0.046341
0 0.7 0.692683 0.086667 0.053659
0 0.843333 0.670732 0.066667 0.058537
0 0.906667 0.643902 0.053333 0.04878
0 0.056667 0.621951 0.053333 0.04878
0 0.086667 0.658537 0.066667 0.058537
0 0.276667 0.631707 0.08 0.04878
0 0.34 0.621951 0.066667 0.04878
0 0.823333 0.507317 0.086667 0.053659
0 0.633333 0.55122 0.08 0.04878
0 0.556667 0.529268 0.066667 0.04878
0 0.456667 0.521951 0.066667 0.04878
0 0.046667 0.541463 0.066667 0.058537
0 0.956667 0.302439 0.066667 0.068293
0 0.896667 0.297561 0.066667 0.063415
0 0.13 0.497561 0.08 0.04878
0 0.24 0.507317 0.08 0.04878
0 0.296667 0.47561 0.086667 0.053659
0 0.386667 0.441463 0.06 0.053659
0 0.57 0.414634 0.086667 0.053659
0 0.586667 0.346341 0.1 0.053659
0 0.136667 0.436585 0.08 0.053659
0 0.756667 0.22439 0.073333 0.04878
0 0.633333 0.226829 0.08 0.053659
0 0.51 0.265854 0.06 0.04878
0 0.346667 0.334146 0.066667 0.04878
0 0.163333 0.353659 0.08 0.053659
0 0.206667 0.336585 0.08 0.04878
0 0.193333 0.309756 0.086667 0.053659
0 0.04 0.231707 0.08 0.04878
0 0.073333 0.263415 0.08 0.053659
0 0.636667 0.053659 0.086667 0.04878
0 0.513333 0.117073 0.066667 0.053659
0 0.43 0.236585 0.093333 0.053659
0 0.553333 0.026829 0.066667 0.04878
0 0.503333 0.068293 0.066667 0.04878
0 0.436667 0.117073 0.08 0.04878
0 0.346667 0.2 0.066667 0.04878
0 0.306667 0.182927 0.073333 0.053659
0 0.373333 0.173171 0.066667 0.04878
0 0.33 0.104878 0.066667 0.04878
0 0.15 0.165854 0.08 0.04878
0 0.16 0.197561 0.086667 0.04878
0 0.223333 0.080488 0.066667 0.043902
0 0.233333 0.141463 0.086667 0.04878
0 0.013333 0.053659 0.066667 0.04878
0 0.043333 0.068293 0.066667 0.04878
0 0.106667 0.068293 0.066667 0.04878
0 0.136667 0.043902 0.066667 0.04878
0 0.063333 0.026829 0.08 0.04878
