0 0.05 0.978049 0.066667 0.04878
0 0.233333 0.953659 0.086667 0.04878
0 0.596667 0.934146 0.093333 0.058537
0 0.93 0.860976 0.066667 0.04878
0 0.43 0.897561 0.066667 0.04878
0 0.436667 0.841463 0.073333 0.058537
0 0.31 0.819512 0.066667 0.04878
0 0.276667 0.717073 0.06 0.04878
0 0.35 0.62439 0.066667 0.04878
0 0.453333 0.519512 0.053333 0.04878
0 0.9 0.612195 0.053333 0.053659
0 0.836667 0.636585 0.073333 0.058537
0 0.67 0.673171 0.1 0.058537
0 0.056667 0.621951 0.073333 0.073171
0 0.25 0.614634 0.08 0.04878
0 0.546667 0.536585 0.066667 0.053659
0 0.673333 0.55122 0.073333 0.053659
0 0.79 0.497561 0.08 0.04878
0 0.043333 0.526829 0.073333 0.053659
0 0.223333 0.507317 0.08 0.04878
0 0.096667 0.473171 0.08 0.04878
0 0.106667 0.429268 0.086667 0.04878
0 0.27 0.45122 0.086667 0.053659
0 0.39 0.463415 0.066667 0.053659
0 0.956667 0.339024 0.066667 0.053659
0 0.883333 0.319512 0.073333 0.053659
0 0.536667 0.4 0.08 0.04878
0 0.57 0.329268 0.08 0.04878
0 0.353333 0.343902 0.066667 0.04878
0 0.123333 0.329268 0.08 0.04878
0 0.166667 0.319512 0.08 0.039024
0 0.17 0.297561 0.08 0.043902
0 0.73 0.226829 0.066667 0.04878
0 0.613333 0.231707 0.08 0.053659
0 0.513333 0.263415 0.06 0.04878
0 0.406667 0.246341 0.086667 0.053659
0 0.026667 0.221951 0.086667 0.04878
0 0.046667 0.268293 0.073333 0.053659
0 0.876667 0.012195 0.066667 0.04878
0 0.24 0.143902 0.066667 0.04878
0 0.273333 0.141463 0.066667 0.04878
0 0.32 0.121951 0.073333 0.053659
0 0.306667 0.170732 0.073333 0.063415
0 0.35 0.180488 0.066667 0.04878
0 0.363333 0.156098 0.066667 0.04878
0 0.446667 0.112195 0.08 0.04878
0 0.51 0.119512 0.073333 0.053659
0 0.13 0.185366 0.08 0.043902
0 0.12 0.15122 0.086667 0.04878
0 0.606667 0.043902 0.08 0.04878
0 0.55 0.039024 0.066667 0.053659
0 0.486667 0.053659 0.073333 0.04878
0 0.233333 0.085366 0.066667 0.053659
0 0.143333 0.073171 0.066667 0.063415
0 0.096667 0.087805 0.066667 0.058537
0 0.046667 0.090244 0.06 0.053659
0 0.08 0.039024 0.066667 0.058537
0 0.013333 0.063415 0.046667 0.04878
