0 0.036667 0.956098 0.066667 0.04878
0 0.076667 0.990244 0.066667 0.04878
0 0.213333 0.939024 0.093333 0.053659
0 0.926667 0.863415 0.073333 0.04878
0 0.586667 0.902439 0.06 0.053659
0 0.62 0.912195 0.066667 0.058537
0 0.45 0.912195 0.066667 0.04878
0 0.443333 0.843902 0.08 0.063415
0 0.296667 0.795122 0.066667 0.04878
0 0.276667 0.712195 0.066667 0.04878
0 0.356667 0.631707 0.066667 0.04878
0 0.45 0.526829 0.06 0.04878
0 0.89 0.57561 0.066667 0.04878
0 0.833333 0.602439 0.06 0.068293
0 0.63 0.64878 0.1 0.053659
0 0.71 0.556098 0.08 0.053659
0 0.756667 0.485366 0.08 0.04878
0 0.53 0.546341 0.08 0.053659
0 0.866667 0.334146 0.073333 0.058537
0 0.963333 0.365854 0.073333 0.058537
0 0.036667 0.614634 0.066667 0.058537
0 0.22 0.6 0.086667 0.04878
0 0.03 0.507317 0.066667 0.053659
0 0.203333 0.5 0.066667 0.04878
0 0.396667 0.482927 0.066667 0.058537
0 0.523333 0.382927 0.073333 0.053659
0 0.073333 0.45122 0.073333 0.04878
0 0.086667 0.417073 0.08 0.04878
0 0.246667 0.42439 0.093333 0.053659
0 0.36 0.35122 0.06 0.04878
0 0.723333 0.226829 0.073333 0.04878
0 0.586667 0.234146 0.086667 0.04878
0 0.553333 0.309756 0.086667 0.053659
0 0.383333 0.263415 0.086667 0.053659
0 0.496667 0.260976 0.06 0.04878
0 0.086667 0.312195 0.08 0.04878
0 0.126667 0.304878 0.073333 0.043902
0 0.143333 0.282927 0.086667 0.053659
0 0.023333 0.278049 0.066667 0.053659
0 0.026667 0.214634 0.073333 0.04878
0 0.866667 0.029268 0.066667 0.04878
0 0.45 0.109756 0.073333 0.04878
0 0.516667 0.119512 0.066667 0.04878
0 0.586667 0.021951 0.066667 0.053659
0 0.54 0.068293 0.073333 0.053659
0 0.46 0.046341 0.073333 0.053659
0 0.236667 0.092683 0.066667 0.04878
0 0.253333 0.14878 0.073333 0.04878
0 0.31 0.126829 0.073333 0.04878
0 0.3 0.165854 0.066667 0.04878
0 0.35 0.165854 0.066667 0.04878
0 0.11 0.180488 0.073333 0.053659
0 0.166667 0.1 0.073333 0.053659
0 0.08 0.136585 0.073333 0.053659
0 0.08 0.097561 0.08 0.04878
0 0.103333 0.043902 0.08 0.053659
