0 0.026667 0.939024 0.066667 0.053659
0 0.066667 0.970732 0.066667 0.053659
0 0.186667 0.92439 0.086667 0.053659
0 0.466667 0.936585 0.06 0.053659
0 0.936667 0.860976 0.073333 0.04878
0 0.63 0.887805 0.08 0.063415
0 0.583333 0.870732 0.066667 0.058537
0 0.446667 0.853659 0.073333 0.058537
0 0.276667 0.770732 0.066667 0.053659
0 0.273333 0.7 0.06 0.04878
0 0.356667 0.634146 0.066667 0.04878
0 0.6 0.621951 0.086667 0.053659
0 0.82 0.573171 0.066667 0.058537
0 0.873333 0.553659 0.066667 0.053659
0 0.753333 0.560976 0.08 0.053659
0 0.02 0.582927 0.066667 0.04878
0 0.02 0.617073 0.066667 0.04878
0 0.183333 0.590244 0.08 0.04878
0 0.52 0.54878 0.086667 0.053659
0 0.726667 0.465854 0.086667 0.053659
0 0.453333 0.536585 0.06 0.043902
0 0.41 0.504878 0.066667 0.058537
0 0.183333 0.502439 0.066667 0.058537
0 0.02 0.490244 0.066667 0.058537
0 0.51 0.370732 0.073333 0.053659
0 0.86 0.34878 0.073333 0.063415
0 0.043333 0.429268 0.08 0.043902
0 0.073333 0.4 0.08 0.043902
0 0.223333 0.397561 0.086667 0.058537
0 0.363333 0.34878 0.066667 0.04878
0 0.976667 0.392683 0.066667 0.04878
0 0.856667 0.058537 0.066667 0.04878
0 0.713333 0.229268 0.08 0.04878
0 0.55 0.302439 0.086667 0.053659
0 0.486667 0.263415 0.066667 0.04878
0 0.553333 0.226829 0.093333 0.04878
0 0.346667 0.285366 0.093333 0.053659
0 0.066667 0.3 0.08 0.04878
0 0.13 0.268293 0.08 0.04878
0 0.093333 0.285366 0.08 0.039024
0 0.52 0.102439 0.053333 0.063415
0 0.463333 0.112195 0.08 0.04878
0 0.433333 0.036585 0.073333 0.04878
0 0.356667 0.12439 0.053333 0.04878
0 0.343333 0.160976 0.066667 0.04878
0 0.276667 0.160976 0.08 0.039024
0 0.293333 0.134146 0.08 0.043902
0 0.236667 0.085366 0.066667 0.04878
0 0.18 0.126829 0.073333 0.068293
0 0.016667 0.204878 0.073333 0.04878
0 0.096667 0.173171 0.086667 0.04878
0 0.056667 0.139024 0.086667 0.043902
0 0.136667 0.04878 0.086667 0.04878
0 0.066667 0.109756 0.1 0.053659
