0 0.02 0.917073 0.066667 0.04878
0 0.06 0.953659 0.066667 0.053659
0 0.153333 0.907317 0.08 0.04878
0 0.933333 0.863415 0.066667 0.04878
0 0.476667 0.956098 0.066667 0.053659
0 0.446667 0.858537 0.073333 0.058537
0 0.643333 0.873171 0.073333 0.058537
0 0.583333 0.834146 0.066667 0.063415
0 0.25 0.746341 0.073333 0.058537
0 0.273333 0.687805 0.053333 0.04878
0 0.863333 0.52439 0.053333 0.058537
0 0.78 0.563415 0.066667 0.04878
0 0.81 0.546341 0.06 0.053659
0 0.57 0.592683 0.093333 0.058537
0 0.69 0.446341 0.08 0.053659
0 0.413333 0.539024 0.066667 0.058537
0 0.483333 0.55122 0.08 0.058537
0 0.15 0.57561 0.08 0.043902
0 0.023333 0.614634 0.046667 0.04878
0 0.01 0.573171 0.066667 0.04878
0 0.16 0.492683 0.073333 0.04878
0 0.36 0.641463 0.066667 0.04878
0 0.85 0.360976 0.073333 0.058537
0 0.983333 0.307317 0.066667 0.04878
0 0.99 0.417073 0.066667 0.04878
0 0.843333 0.095122 0.066667 0.053659
0 0.693333 0.229268 0.073333 0.04878
0 0.356667 0.353659 0.066667 0.04878
0 0.473333 0.273171 0.066667 0.04878
0 0.5 0.356098 0.073333 0.058537
0 0.013333 0.470732 0.066667 0.04878
0 0.21 0.370732 0.073333 0.058537
0 0.3 0.290244 0.093333 0.058537
0 0.543333 0.290244 0.073333 0.053659
0 0.53 0.214634 0.08 0.04878
0 0.016667 0.404878 0.066667 0.04878
0 0.046667 0.370732 0.073333 0.053659
0 0.046667 0.297561 0.086667 0.04878
0 0.05 0.273171 0.086667 0.039024
0 0.113333 0.253659 0.093333 0.053659
0 0.41 0.034146 0.073333 0.04878
0 0.473333 0.109756 0.073333 0.04878
0 0.506667 0.117073 0.06 0.058537
0 0.36 0.114634 0.06 0.053659
0 0.183333 0.053659 0.086667 0.04878
0 0.233333 0.090244 0.06 0.039024
0 0.343333 0.158537 0.066667 0.04878
0 0.293333 0.156098 0.066667 0.04878
0 0.266667 0.126829 0.066667 0.04878
0 0.193333 0.15122 0.073333 0.058537
0 0.073333 0.17561 0.073333 0.053659
0 0.04 0.139024 0.08 0.04878
0 0.06 0.107317 0.086667 0.043902
