0 0.01 0.890244 0.066667 0.04878
0 0.06 0.934146 0.066667 0.053659
0 0.12 0.878049 0.073333 0.053659
0 0.483333 0.980488 0.053333 0.04878
0 0.94 0.865854 0.066667 0.04878
0 0.663333 0.982927 0.073333 0.04878
0 0.653333 0.860976 0.08 0.053659
0 0.456667 0.860976 0.073333 0.058537
0 0.583333 0.814634 0.066667 0.053659
0 0.233333 0.72439 0.066667 0.053659
0 0.276667 0.670732 0.053333 0.04878
0 0.346667 0.65122 0.066667 0.053659
0 0.806667 0.570732 0.073333 0.04878
0 0.546667 0.573171 0.086667 0.04878
0 0.463333 0.558537 0.073333 0.058537
0 0.413333 0.57561 0.066667 0.058537
0 0.02 0.607317 0.053333 0.04878
0 0.12 0.558537 0.08 0.043902
0 0.133333 0.490244 0.08 0.04878
0 0.8 0.52439 0.066667 0.058537
0 0.856667 0.502439 0.066667 0.058537
0 0.656667 0.429268 0.093333 0.04878
0 0.843333 0.378049 0.073333 0.058537
0 0.98 0.329268 0.066667 0.058537
0 0.05 0.370732 0.073333 0.04878
0 0.203333 0.35122 0.073333 0.053659
0 0.353333 0.356098 0.066667 0.04878
0 0.49 0.341463 0.066667 0.04878
0 0.036667 0.292683 0.08 0.043902
0 0.013333 0.258537 0.08 0.043902
0 0.093333 0.239024 0.086667 0.053659
0 0.263333 0.292683 0.093333 0.04878
0 0.456667 0.292683 0.066667 0.04878
0 0.533333 0.273171 0.073333 0.053659
0 0.68 0.229268 0.08 0.04878
0 0.833333 0.129268 0.06 0.053659
0 0.513333 0.195122 0.073333 0.053659
0 0.49 0.104878 0.073333 0.04878
0 0.496667 0.141463 0.066667 0.04878
0 0.196667 0.173171 0.073333 0.058537
0 0.363333 0.102439 0.066667 0.04878
0 0.24 0.117073 0.08 0.043902
0 0.316667 0.139024 0.073333 0.043902
0 0.296667 0.168293 0.073333 0.039024
0 0.233333 0.092683 0.06 0.04878
0 0.23 0.056098 0.08 0.04878
0 0.376667 0.034146 0.073333 0.04878
0 0.053333 0.17561 0.073333 0.04878
0 0.023333 0.143902 0.073333 0.04878
0 0.05 0.102439 0.08 0.04878
