0 0.056667 0.92439 0.066667 0.04878
0 0.093333 0.856098 0.073333 0.053659
0 0.473333 0.990244 0.066667 0.04878
0 0.643333 0.965854 0.086667 0.04878
0 0.463333 0.863415 0.073333 0.063415
0 0.936667 0.858537 0.06 0.04878
0 0.67 0.85122 0.086667 0.053659
0 0.583333 0.804878 0.066667 0.058537
0 0.21 0.702439 0.066667 0.04878
0 0.026667 0.595122 0.066667 0.053659
0 0.286667 0.64878 0.053333 0.04878
0 0.333333 0.665854 0.066667 0.053659
0 0.086667 0.546341 0.066667 0.04878
0 0.116667 0.490244 0.08 0.043902
0 0.41 0.604878 0.06 0.053659
0 0.443333 0.565854 0.066667 0.053659
0 0.533333 0.54878 0.066667 0.053659
0 0.833333 0.573171 0.073333 0.053659
0 0.856667 0.490244 0.066667 0.053659
0 0.79 0.502439 0.066667 0.063415
0 0.833333 0.392683 0.066667 0.063415
0 0.973333 0.343902 0.066667 0.063415
0 0.626667 0.412195 0.086667 0.04878
0 0.346667 0.353659 0.066667 0.04878
0 0.473333 0.331707 0.066667 0.053659
0 0.433333 0.307317 0.066667 0.04878
0 0.816667 0.173171 0.066667 0.053659
0 0.663333 0.229268 0.08 0.043902
0 0.513333 0.24878 0.08 0.053659
0 0.046667 0.370732 0.08 0.043902
0 0.016667 0.343902 0.046667 0.04878
0 0.196667 0.32439 0.066667 0.058537
0 0.233333 0.282927 0.1 0.053659
0 0.026667 0.280488 0.08 0.053659
0 0.08 0.231707 0.093333 0.053659
0 0.193333 0.195122 0.073333 0.068293
0 0.503333 0.185366 0.073333 0.053659
0 0.73 0.017073 0.08 0.053659
0 0.476667 0.153659 0.073333 0.04878
0 0.486667 0.112195 0.08 0.04878
0 0.49 0.082927 0.06 0.04878
0 0.36 0.034146 0.08 0.043902
0 0.366667 0.092683 0.073333 0.053659
0 0.346667 0.163415 0.066667 0.04878
0 0.3 0.173171 0.066667 0.04878
0 0.313333 0.131707 0.08 0.053659
0 0.27 0.053659 0.08 0.04878
0 0.22 0.104878 0.08 0.053659
0 0.046667 0.092683 0.093333 0.053659
0 0.02 0.134146 0.073333 0.04878
0 0.033333 0.173171 0.086667 0.04878
