0 0.066667 0.829268 0.073333 0.053659
0 0.053333 0.914634 0.073333 0.04878
0 0.463333 0.995122 0.066667 0.04878
0 0.943333 0.865854 0.066667 0.04878
0 0.61 0.941463 0.073333 0.053659
0 0.68 0.84878 0.08 0.053659
0 0.47 0.865854 0.073333 0.058537
0 0.586667 0.792683 0.066667 0.053659
0 0.87 0.580488 0.066667 0.04878
0 0.196667 0.680488 0.073333 0.053659
0 0.3 0.629268 0.053333 0.04878
0 0.31 0.682927 0.066667 0.053659
0 0.403333 0.641463 0.066667 0.058537
0 0.03 0.587805 0.046667 0.04878
0 0.43 0.565854 0.08 0.053659
0 0.07 0.536585 0.08 0.04878
0 0.1 0.492683 0.08 0.043902
0 0.52 0.521951 0.08 0.053659
0 0.783333 0.482927 0.06 0.053659
0 0.846667 0.470732 0.053333 0.04878
0 0.963333 0.363415 0.066667 0.058537
0 0.836667 0.409756 0.066667 0.053659
0 0.606667 0.392683 0.066667 0.053659
0 0.343333 0.358537 0.06 0.04878
0 0.016667 0.341463 0.066667 0.04878
0 0.043333 0.37561 0.08 0.04878
0 0.88 0.226829 0.066667 0.04878
0 0.81 0.212195 0.066667 0.04878
0 0.643333 0.229268 0.08 0.04878
0 0.413333 0.341463 0.053333 0.04878
0 0.47 0.32439 0.06 0.058537
0 0.19 0.309756 0.073333 0.053659
0 0.203333 0.273171 0.093333 0.043902
0 0.066667 0.226829 0.093333 0.04878
0 0.19 0.214634 0.073333 0.053659
0 0.51 0.239024 0.073333 0.058537
0 0.923333 0.046341 0.053333 0.04878
0 0.706667 0.046341 0.066667 0.04878
0 0.466667 0.17561 0.06 0.053659
0 0.5 0.173171 0.066667 0.053659
0 0.036667 0.190244 0.066667 0.04878
0 0.336667 0.163415 0.08 0.043902
0 0.313333 0.131707 0.066667 0.053659
0 0.016667 0.134146 0.066667 0.04878
0 0.04 0.085366 0.093333 0.04878
0 0.2 0.102439 0.08 0.043902
0 0.243333 0.095122 0.053333 0.043902
0 0.373333 0.085366 0.073333 0.04878
0 0.493333 0.112195 0.073333 0.04878
0 0.486667 0.070732 0.066667 0.04878
0 0.303333 0.05122 0.066667 0.039024
0 0.34 0.034146 0.066667 0.039024
