0 0.04 0.8 0.073333 0.053659
0 0.056667 0.919512 0.066667 0.04878
0 0.443333 0.992683 0.066667 0.04878
0 0.473333 0.868293 0.066667 0.058537
0 0.59 0.92439 0.08 0.043902
0 0.943333 0.870732 0.06 0.043902
0 0.696667 0.84878 0.08 0.053659
0 0.593333 0.785366 0.066667 0.04878
0 0.903333 0.587805 0.066667 0.04878
0 0.183333 0.665854 0.066667 0.053659
0 0.293333 0.690244 0.066667 0.04878
0 0.403333 0.678049 0.066667 0.053659
0 0.443333 0.614634 0.06 0.058537
0 0.316667 0.602439 0.06 0.04878
0 0.03 0.57561 0.053333 0.04878
0 0.426667 0.568293 0.086667 0.053659
0 0.043333 0.52439 0.066667 0.04878
0 0.076667 0.490244 0.073333 0.04878
0 0.5 0.490244 0.08 0.053659
0 0.776667 0.45122 0.06 0.058537
0 0.833333 0.458537 0.066667 0.04878
0 0.83 0.42439 0.066667 0.058537
0 0.946667 0.387805 0.066667 0.068293
0 0.593333 0.373171 0.08 0.053659
0 0.033333 0.385366 0.08 0.04878
0 0.343333 0.358537 0.053333 0.053659
0 0.396667 0.380488 0.066667 0.053659
0 0.466667 0.309756 0.066667 0.04878
0 0.166667 0.297561 0.08 0.043902
0 0.17 0.258537 0.08 0.043902
0 0.176667 0.22439 0.08 0.04878
0 0.02 0.341463 0.04 0.04878
0 0.79 0.243902 0.066667 0.04878
0 0.866667 0.229268 0.066667 0.04878
0 0.636667 0.231707 0.086667 0.04878
0 0.506667 0.229268 0.06 0.058537
0 0.933333 0.063415 0.053333 0.04878
0 0.68 0.073171 0.073333 0.053659
0 0.05 0.226829 0.086667 0.043902
0 0.01 0.2 0.08 0.039024
0 0.02 0.1 0.053333 0.039024
0 0.03 0.068293 0.093333 0.043902
0 0.173333 0.087805 0.08 0.043902
0 0.466667 0.195122 0.073333 0.04878
0 0.503333 0.112195 0.08 0.04878
0 0.503333 0.160976 0.06 0.058537
0 0.32 0.178049 0.066667 0.039024
0 0.306667 0.146341 0.06 0.04878
0 0.346667 0.156098 0.06 0.04878
0 0.33 0.112195 0.066667 0.04878
0 0.25 0.095122 0.066667 0.04878
0 0.383333 0.080488 0.066667 0.04878
0 0.486667 0.058537 0.066667 0.04878
0 0.323333 0.041463 0.08 0.034146
0 0.323333 0.021951 0.08 0.034146
0 0.526667 0.014634 0.066667 0.04878
