0 0.42 0.992683 0.06 0.04878
0 0.056667 0.917073 0.066667 0.04878
0 0.016667 0.868293 0.06 0.043902
0 0.013333 0.77561 0.066667 0.043902
0 0.48 0.868293 0.073333 0.058537
0 0.57 0.904878 0.08 0.04878
0 0.946667 0.868293 0.053333 0.039024
0 0.706667 0.846341 0.08 0.053659
0 0.593333 0.780488 0.06 0.04878
0 0.4 0.709756 0.066667 0.058537
0 0.263333 0.695122 0.06 0.043902
0 0.16 0.64878 0.06 0.04878
0 0.436667 0.641463 0.053333 0.053659
0 0.33 0.587805 0.053333 0.043902
0 0.936667 0.595122 0.073333 0.04878
0 0.993333 0.558537 0.066667 0.04878
0 0.03 0.568293 0.053333 0.04878
0 0.41 0.57561 0.086667 0.058537
0 0.48 0.458537 0.073333 0.053659
0 0.943333 0.421951 0.066667 0.063415
0 0.02 0.517073 0.066667 0.039024
0 0.043333 0.473171 0.073333 0.043902
0 0.016667 0.402439 0.066667 0.053659
0 0.38 0.421951 0.06 0.04878
0 0.343333 0.356098 0.06 0.04878
0 0.576667 0.353659 0.066667 0.053659
0 0.46 0.307317 0.053333 0.04878
0 0.77 0.42439 0.06 0.063415
0 0.82 0.42439 0.066667 0.04878
0 0.836667 0.460976 0.06 0.043902
0 0.846667 0.234146 0.066667 0.04878
0 0.77 0.268293 0.06 0.043902
0 0.946667 0.087805 0.046667 0.04878
0 0.146667 0.292683 0.086667 0.043902
0 0.153333 0.253659 0.086667 0.039024
0 0.16 0.219512 0.086667 0.043902
0 0.023333 0.319512 0.046667 0.063415
0 0.62 0.231707 0.086667 0.04878
0 0.65 0.102439 0.066667 0.053659
0 0.46 0.217073 0.066667 0.053659
0 0.5 0.214634 0.066667 0.053659
0 0.54 0.019512 0.066667 0.043902
0 0.5 0.058537 0.06 0.04878
0 0.513333 0.112195 0.06 0.043902
0 0.493333 0.136585 0.053333 0.053659
0 0.033333 0.229268 0.08 0.04878
0 0.013333 0.2 0.06 0.034146
0 0.033333 0.053659 0.073333 0.04878
0 0.03 0.097561 0.073333 0.039024
0 0.153333 0.07561 0.08 0.04878
0 0.263333 0.17561 0.073333 0.039024
0 0.323333 0.187805 0.073333 0.043902
0 0.353333 0.158537 0.053333 0.043902
0 0.3 0.156098 0.053333 0.04878
0 0.336667 0.102439 0.073333 0.04878
0 0.39 0.080488 0.073333 0.043902
0 0.256667 0.087805 0.06 0.053659
0 0.366667 0.019512 0.073333 0.04878
0 0.3 0.046341 0.093333 0.043902
0 0.3 0.019512 0.06 0.034146
