0 0.426667 0.987805 0.06 0.053659
0 0.02 0.868293 0.06 0.043902
0 0.056667 0.909756 0.06 0.043902
0 0.71 0.841463 0.08 0.053659
0 0.946667 0.870732 0.053333 0.039024
0 0.556667 0.880488 0.073333 0.04878
0 0.486667 0.868293 0.06 0.04878
0 0.606667 0.770732 0.066667 0.04878
0 0.396667 0.743902 0.066667 0.058537
0 0.426667 0.663415 0.06 0.053659
0 0.246667 0.7 0.06 0.043902
0 0.153333 0.629268 0.066667 0.04878
0 0.336667 0.57561 0.04 0.04878
0 0.383333 0.580488 0.08 0.053659
0 0.973333 0.607317 0.06 0.039024
0 0.97 0.580488 0.066667 0.043902
0 0.94 0.44878 0.066667 0.068293
0 0.846667 0.468293 0.046667 0.029268
0 0.813333 0.44878 0.073333 0.053659
0 0.763333 0.402439 0.066667 0.063415
0 0.36 0.470732 0.053333 0.04878
0 0.03 0.558537 0.046667 0.043902
0 0.483333 0.434146 0.066667 0.058537
0 0.01 0.512195 0.06 0.043902
0 0.016667 0.463415 0.06 0.04878
0 0.33 0.356098 0.066667 0.04878
0 0.573333 0.329268 0.06 0.04878
0 0.753333 0.280488 0.06 0.043902
0 0.823333 0.243902 0.066667 0.04878
0 0.97 0.109756 0.06 0.04878
0 0.606667 0.234146 0.08 0.04878
0 0.623333 0.121951 0.066667 0.053659
0 0.446667 0.295122 0.053333 0.04878
0 0.456667 0.243902 0.066667 0.04878
0 0.493333 0.2 0.066667 0.04878
0 0.126667 0.285366 0.086667 0.043902
0 0.026667 0.226829 0.073333 0.043902
0 0.136667 0.24878 0.093333 0.043902
0 0.146667 0.209756 0.093333 0.043902
0 0.21 0.182927 0.08 0.043902
0 0.05 0.107317 0.066667 0.043902
0 0.026667 0.039024 0.066667 0.053659
0 0.13 0.058537 0.073333 0.04878
0 0.3 0.190244 0.053333 0.053659
0 0.326667 0.187805 0.06 0.043902
0 0.36 0.170732 0.053333 0.039024
0 0.546667 0.031707 0.053333 0.039024
0 0.523333 0.112195 0.06 0.043902
0 0.493333 0.121951 0.053333 0.053659
0 0.503333 0.058537 0.06 0.043902
0 0.256667 0.085366 0.06 0.043902
0 0.353333 0.095122 0.066667 0.04878
0 0.403333 0.085366 0.073333 0.043902
0 0.393333 0.012195 0.053333 0.039024
0 0.28 0.053659 0.08 0.034146
0 0.286667 0.019512 0.053333 0.039024
0 0.233333 0.014634 0.066667 0.034146
