0 0.416667 0.970732 0.06 0.039024
0 0.056667 0.895122 0.046667 0.04878
0 0.02 0.878049 0.053333 0.043902
0 0.716667 0.829268 0.06 0.058537
0 0.953333 0.873171 0.053333 0.043902
0 0.486667 0.868293 0.06 0.053659
0 0.536667 0.865854 0.073333 0.04878
0 0.613333 0.763415 0.073333 0.04878
0 0.986667 0.7 0.06 0.053659
0 0.94 0.607317 0.073333 0.04878
0 0.39 0.773171 0.073333 0.053659
0 0.42 0.682927 0.066667 0.053659
0 0.233333 0.702439 0.06 0.043902
0 0.14 0.617073 0.066667 0.04878
0 0.033333 0.55122 0.046667 0.053659
0 0.346667 0.517073 0.06 0.053659
0 0.36 0.580488 0.08 0.04878
0 0.94 0.478049 0.06 0.063415
0 0.856667 0.482927 0.06 0.043902
0 0.793333 0.465854 0.066667 0.053659
0 0.026667 0.460976 0.066667 0.04878
0 0.763333 0.378049 0.066667 0.063415
0 0.956667 0.141463 0.066667 0.073171
0 0.813333 0.24878 0.066667 0.04878
0 0.746667 0.285366 0.06 0.043902
0 0.58 0.314634 0.06 0.053659
0 0.48 0.402439 0.066667 0.053659
0 0.323333 0.35122 0.066667 0.053659
0 0.04 0.331707 0.053333 0.043902
0 0.1 0.273171 0.093333 0.043902
0 0.02 0.231707 0.073333 0.053659
0 0.116667 0.231707 0.086667 0.043902
0 0.12 0.187805 0.066667 0.04878
0 0.16 0.190244 0.066667 0.04878
0 0.433333 0.278049 0.066667 0.04878
0 0.59 0.236585 0.073333 0.04878
0 0.3 0.214634 0.06 0.043902
0 0.33 0.187805 0.06 0.043902
0 0.363333 0.182927 0.06 0.039024
0 0.486667 0.185366 0.073333 0.04878
0 0.613333 0.14878 0.073333 0.053659
0 0.063333 0.121951 0.073333 0.04878
0 0.53 0.117073 0.06 0.043902
0 0.49 0.109756 0.053333 0.04878
0 0.56 0.046341 0.053333 0.04878
0 0.513333 0.068293 0.06 0.043902
0 0.42 0.092683 0.066667 0.04878
0 0.373333 0.090244 0.066667 0.04878
0 0.25 0.080488 0.06 0.043902
0 0.126667 0.046341 0.073333 0.04878
0 0.02 0.02439 0.066667 0.04878
0 0.27 0.046341 0.08 0.043902
0 0.286667 0.019512 0.053333 0.034146
