0 0.05 0.880488 0.053333 0.043902
0 0.026667 0.885366 0.033333 0.034146
0 0.393333 0.956098 0.066667 0.039024
0 0.486667 0.870732 0.066667 0.04878
0 0.513333 0.846341 0.08 0.043902
0 0.716667 0.809756 0.066667 0.053659
0 0.953333 0.87561 0.06 0.04878
0 0.973333 0.726829 0.066667 0.053659
0 0.626667 0.753659 0.066667 0.04878
0 0.373333 0.797561 0.066667 0.053659
0 0.406667 0.704878 0.066667 0.058537
0 0.226667 0.712195 0.066667 0.04878
0 0.323333 0.580488 0.073333 0.039024
0 0.33 0.558537 0.06 0.04878
0 0.13 0.602439 0.073333 0.04878
0 0.033333 0.536585 0.046667 0.04878
0 0.906667 0.631707 0.073333 0.04878
0 0.043333 0.460976 0.08 0.04878
0 0.873333 0.502439 0.053333 0.053659
0 0.933333 0.504878 0.066667 0.063415
0 0.773333 0.482927 0.073333 0.053659
0 0.763333 0.363415 0.066667 0.063415
0 0.476667 0.373171 0.073333 0.053659
0 0.046667 0.336585 0.053333 0.039024
0 0.31 0.343902 0.073333 0.04878
0 0.976667 0.134146 0.053333 0.039024
0 0.953333 0.187805 0.06 0.063415
0 0.8 0.24878 0.066667 0.04878
0 0.74 0.292683 0.06 0.043902
0 0.576667 0.295122 0.06 0.053659
0 0.443333 0.297561 0.066667 0.04878
0 0.423333 0.265854 0.053333 0.04878
0 0.57 0.236585 0.08 0.04878
0 0.606667 0.165854 0.066667 0.053659
0 0.013333 0.234146 0.066667 0.04878
0 0.07 0.253659 0.08 0.043902
0 0.093333 0.212195 0.08 0.04878
0 0.116667 0.178049 0.073333 0.043902
0 0.07 0.129268 0.066667 0.043902
0 0.306667 0.231707 0.06 0.04878
0 0.33 0.195122 0.06 0.043902
0 0.366667 0.185366 0.053333 0.04878
0 0.473333 0.168293 0.066667 0.053659
0 0.57 0.068293 0.046667 0.04878
0 0.533333 0.114634 0.066667 0.04878
0 0.523333 0.080488 0.066667 0.034146
0 0.48 0.1 0.053333 0.04878
0 0.426667 0.102439 0.073333 0.04878
0 0.376667 0.090244 0.053333 0.039024
0 0.236667 0.078049 0.066667 0.043902
0 0.11 0.036585 0.066667 0.04878
0 0.273333 0.05122 0.066667 0.039024
0 0.28 0.021951 0.066667 0.034146
0 0.396667 0.019512 0.066667 0.029268
