0 0.026667 0.885366 0.04 0.034146
0 0.046667 0.863415 0.06 0.043902
0 0.376667 0.934146 0.066667 0.04878
0 0.983333 0.934146 0.073333 0.04878
0 0.95 0.873171 0.06 0.043902
0 0.71 0.792683 0.06 0.053659
0 0.49 0.87561 0.066667 0.04878
0 0.353333 0.819512 0.073333 0.053659
0 0.496667 0.829268 0.073333 0.04878
0 0.95 0.743902 0.073333 0.053659
0 0.64 0.74878 0.073333 0.043902
0 0.866667 0.64878 0.073333 0.043902
0 0.386667 0.726829 0.066667 0.04878
0 0.22 0.721951 0.066667 0.04878
0 0.02 0.709756 0.06 0.043902
0 0.006667 0.682927 0.04 0.034146
0 0.93 0.529268 0.066667 0.058537
0 0.88 0.526829 0.053333 0.058537
0 0.756667 0.497561 0.073333 0.053659
0 0.33 0.536585 0.053333 0.039024
0 0.31 0.612195 0.053333 0.04878
0 0.293333 0.580488 0.073333 0.039024
0 0.12 0.590244 0.073333 0.04878
0 0.036667 0.521951 0.053333 0.053659
0 0.063333 0.480488 0.08 0.053659
0 0.05 0.343902 0.046667 0.043902
0 0.986667 0.146341 0.053333 0.043902
0 0.946667 0.226829 0.06 0.058537
0 0.763333 0.34878 0.066667 0.053659
0 0.786667 0.25122 0.06 0.039024
0 0.736667 0.292683 0.053333 0.034146
0 0.3 0.331707 0.086667 0.043902
0 0.47 0.35122 0.066667 0.04878
0 0.433333 0.319512 0.066667 0.053659
0 0.573333 0.280488 0.06 0.053659
0 0.586667 0.097561 0.046667 0.053659
0 0.596667 0.195122 0.066667 0.053659
0 0.553333 0.236585 0.08 0.043902
0 0.42 0.253659 0.06 0.058537
0 0.306667 0.25122 0.066667 0.053659
0 0.363333 0.197561 0.04 0.04878
0 0.33 0.192683 0.066667 0.04878
0 0.063333 0.241463 0.073333 0.04878
0 0.073333 0.190244 0.073333 0.04878
0 0.123333 0.165854 0.073333 0.043902
0 0.076667 0.136585 0.073333 0.043902
0 0.543333 0.087805 0.08 0.039024
0 0.54 0.114634 0.06 0.039024
0 0.45 0.153659 0.073333 0.043902
0 0.473333 0.082927 0.066667 0.04878
0 0.436667 0.117073 0.073333 0.04878
0 0.376667 0.090244 0.053333 0.043902
0 0.1 0.031707 0.066667 0.043902
0 0.213333 0.080488 0.073333 0.039024
0 0.28 0.073171 0.06 0.043902
0 0.27 0.026829 0.066667 0.034146
0 0.23 0.04878 0.066667 0.039024
0 0.42 0.031707 0.06 0.039024
