0 0.946667 0.878049 0.053333 0.039024
0 0.956667 0.929268 0.08 0.043902
0 0.033333 0.885366 0.053333 0.043902
0 0.036667 0.846341 0.06 0.043902
0 0.49 0.880488 0.066667 0.053659
0 0.353333 0.912195 0.073333 0.043902
0 0.92 0.758537 0.08 0.04878
0 0.703333 0.778049 0.06 0.053659
0 0.323333 0.831707 0.073333 0.04878
0 0.48 0.812195 0.08 0.04878
0 0.016667 0.685366 0.073333 0.039024
0 0.033333 0.712195 0.053333 0.043902
0 0.213333 0.731707 0.066667 0.053659
0 0.293333 0.658537 0.06 0.053659
0 0.36 0.74878 0.06 0.053659
0 0.65 0.743902 0.066667 0.04878
0 0.83 0.656098 0.073333 0.043902
0 0.93 0.54878 0.06 0.058537
0 0.88 0.54878 0.053333 0.053659
0 0.74 0.509756 0.073333 0.053659
0 0.036667 0.512195 0.053333 0.04878
0 0.086667 0.497561 0.08 0.04878
0 0.32 0.526829 0.06 0.039024
0 0.263333 0.578049 0.08 0.04878
0 0.116667 0.585366 0.066667 0.04878
0 0.943333 0.273171 0.066667 0.053659
0 0.053333 0.35122 0.06 0.043902
0 0.776667 0.25122 0.053333 0.043902
0 0.74 0.292683 0.053333 0.039024
0 0.746667 0.339024 0.06 0.053659
0 0.28 0.326829 0.08 0.053659
0 0.413333 0.341463 0.06 0.04878
0 0.463333 0.329268 0.066667 0.053659
0 0.56 0.263415 0.046667 0.04878
0 0.586667 0.219512 0.066667 0.04878
0 0.533333 0.243902 0.06 0.043902
0 0.3 0.265854 0.073333 0.053659
0 0.42 0.236585 0.06 0.058537
0 0.596667 0.12439 0.06 0.058537
0 0.333333 0.197561 0.053333 0.04878
0 0.36 0.209756 0.046667 0.04878
0 0.02 0.265854 0.066667 0.039024
0 0.013333 0.226829 0.066667 0.039024
0 0.013333 0.2 0.06 0.034146
0 0.056667 0.231707 0.066667 0.04878
0 0.063333 0.173171 0.073333 0.04878
0 0.09 0.139024 0.066667 0.039024
0 0.126667 0.160976 0.073333 0.043902
0 0.553333 0.107317 0.08 0.043902
0 0.45 0.129268 0.06 0.039024
0 0.443333 0.153659 0.066667 0.04878
0 0.45 0.073171 0.073333 0.039024
0 0.443333 0.041463 0.073333 0.034146
0 0.373333 0.085366 0.06 0.043902
0 0.286667 0.097561 0.066667 0.053659
0 0.26 0.029268 0.053333 0.04878
0 0.173333 0.085366 0.073333 0.04878
0 0.196667 0.043902 0.08 0.04878
0 0.096667 0.034146 0.073333 0.043902
0 0.03 0.085366 0.066667 0.039024
0 0.013333 0.04878 0.066667 0.043902
