0 0.033333 0.890244 0.046667 0.039024
0 0.95 0.87561 0.053333 0.039024
0 0.93 0.92439 0.08 0.04878
0 0.496667 0.892683 0.066667 0.053659
0 0.326667 0.890244 0.073333 0.04878
0 0.296667 0.836585 0.073333 0.043902
0 0.033333 0.829268 0.06 0.04878
0 0.463333 0.792683 0.08 0.04878
0 0.886667 0.760976 0.08 0.04878
0 0.703333 0.763415 0.06 0.053659
0 0.033333 0.682927 0.073333 0.039024
0 0.033333 0.704878 0.066667 0.034146
0 0.273333 0.702439 0.06 0.053659
0 0.21 0.74878 0.073333 0.053659
0 0.336667 0.763415 0.066667 0.053659
0 0.656667 0.741463 0.066667 0.04878
0 0.79 0.658537 0.08 0.043902
0 0.936667 0.573171 0.06 0.053659
0 0.88 0.580488 0.06 0.053659
0 0.3 0.509756 0.066667 0.039024
0 0.246667 0.580488 0.073333 0.039024
0 0.106667 0.582927 0.066667 0.043902
0 0.123333 0.521951 0.073333 0.04878
0 0.02 0.534146 0.066667 0.039024
0 0.036667 0.492683 0.053333 0.04878
0 0.73 0.521951 0.073333 0.04878
0 0.94 0.307317 0.066667 0.058537
0 0.733333 0.32439 0.053333 0.04878
0 0.77 0.253659 0.053333 0.039024
0 0.74 0.3 0.046667 0.034146
0 0.056667 0.358537 0.053333 0.04878
0 0.4 0.356098 0.066667 0.04878
0 0.263333 0.321951 0.08 0.04878
0 0.46 0.302439 0.066667 0.053659
0 0.526667 0.24878 0.06 0.04878
0 0.546667 0.246341 0.053333 0.04878
0 0.593333 0.236585 0.066667 0.04878
0 0.283333 0.270732 0.086667 0.053659
0 0.04 0.273171 0.073333 0.053659
0 0.413333 0.221951 0.06 0.053659
0 0.6 0.15122 0.066667 0.058537
0 0.553333 0.107317 0.08 0.04878
0 0.473333 0.141463 0.073333 0.043902
0 0.426667 0.153659 0.08 0.043902
0 0.343333 0.192683 0.066667 0.039024
0 0.366667 0.217073 0.046667 0.04878
0 0.03 0.2 0.06 0.043902
0 0.066667 0.221951 0.066667 0.04878
0 0.05 0.163415 0.08 0.043902
0 0.133333 0.160976 0.066667 0.043902
0 0.096667 0.134146 0.066667 0.039024
0 0.3 0.117073 0.066667 0.04878
0 0.053333 0.095122 0.066667 0.04878
0 0.14 0.095122 0.08 0.043902
0 0.026667 0.056098 0.066667 0.043902
0 0.09 0.036585 0.046667 0.04878
0 0.153333 0.041463 0.08 0.043902
0 0.116667 0.017073 0.06 0.039024
0 0.26 0.036585 0.053333 0.039024
0 0.373333 0.085366 0.053333 0.04878
0 0.33 0.031707 0.066667 0.04878
0 0.426667 0.065854 0.073333 0.04878
0 0.47 0.05122 0.073333 0.043902
0 0.516667 0.017073 0.073333 0.034146
0 0.463333 0.012195 0.066667 0.029268
