0 0.036667 0.9 0.046667 0.039024
0 0.506667 0.904878 0.066667 0.053659
0 0.893333 0.917073 0.073333 0.04878
0 0.993333 0.890244 0.046667 0.043902
0 0.953333 0.878049 0.046667 0.039024
0 0.026667 0.809756 0.066667 0.043902
0 0.29 0.873171 0.073333 0.039024
0 0.856667 0.756098 0.073333 0.043902
0 0.663333 0.736585 0.053333 0.043902
0 0.703333 0.74878 0.053333 0.053659
0 0.753333 0.656098 0.073333 0.043902
0 0.876667 0.607317 0.053333 0.053659
0 0.946667 0.597561 0.06 0.058537
0 0.943333 0.339024 0.06 0.058537
0 0.71 0.536585 0.066667 0.053659
0 0.433333 0.778049 0.08 0.043902
0 0.32 0.77561 0.066667 0.053659
0 0.263333 0.821951 0.08 0.039024
0 0.2 0.765854 0.053333 0.053659
0 0.246667 0.746341 0.06 0.04878
0 0.016667 0.687805 0.053333 0.043902
0 0.063333 0.692683 0.073333 0.04878
0 0.113333 0.590244 0.073333 0.04878
0 0.233333 0.578049 0.073333 0.043902
0 0.036667 0.470732 0.06 0.04878
0 0.033333 0.536585 0.073333 0.039024
0 0.153333 0.543902 0.073333 0.043902
0 0.28 0.497561 0.06 0.039024
0 0.063333 0.365854 0.053333 0.04878
0 0.39 0.373171 0.066667 0.04878
0 0.766667 0.253659 0.046667 0.039024
0 0.743333 0.297561 0.046667 0.034146
0 0.72 0.314634 0.066667 0.043902
0 0.07 0.285366 0.073333 0.04878
0 0.24 0.317073 0.086667 0.043902
0 0.263333 0.265854 0.086667 0.053659
0 0.453333 0.285366 0.073333 0.04878
0 0.6 0.253659 0.066667 0.053659
0 0.51 0.231707 0.066667 0.039024
0 0.516667 0.253659 0.066667 0.043902
0 0.603333 0.180488 0.066667 0.053659
0 0.346667 0.195122 0.066667 0.04878
0 0.363333 0.229268 0.06 0.04878
0 0.406667 0.204878 0.06 0.04878
0 0.57 0.107317 0.08 0.04878
0 0.483333 0.14878 0.073333 0.04878
0 0.42 0.15122 0.08 0.053659
0 0.076667 0.214634 0.066667 0.053659
0 0.556667 0.019512 0.073333 0.04878
0 0.493333 0.014634 0.073333 0.039024
0 0.503333 0.063415 0.073333 0.043902
0 0.413333 0.060976 0.08 0.043902
0 0.346667 0.056098 0.06 0.053659
0 0.373333 0.085366 0.053333 0.04878
0 0.303333 0.134146 0.066667 0.04878
0 0.26 0.036585 0.046667 0.039024
0 0.043333 0.197561 0.066667 0.034146
0 0.14 0.160976 0.06 0.04878
0 0.053333 0.165854 0.066667 0.043902
0 0.016667 0.141463 0.04 0.04878
0 0.11 0.126829 0.066667 0.043902
0 0.073333 0.1 0.06 0.043902
0 0.04 0.058537 0.066667 0.04878
0 0.13 0.036585 0.073333 0.039024
0 0.103333 0.019512 0.066667 0.034146
