0 0.98 0.885366 0.086667 0.04878
0 0.846667 0.912195 0.08 0.043902
0 0.51 0.912195 0.066667 0.053659
0 0.043333 0.9 0.06 0.043902
0 0.02 0.797561 0.073333 0.04878
0 0.26 0.865854 0.08 0.043902
0 0.836667 0.746341 0.08 0.04878
0 0.666667 0.731707 0.06 0.04878
0 0.703333 0.731707 0.053333 0.053659
0 0.956667 0.629268 0.06 0.058537
0 0.87 0.629268 0.066667 0.058537
0 0.723333 0.653659 0.086667 0.043902
0 0.413333 0.768293 0.08 0.04878
0 0.3 0.797561 0.073333 0.04878
0 0.226667 0.809756 0.073333 0.039024
0 0.213333 0.780488 0.06 0.043902
0 0.093333 0.709756 0.073333 0.053659
0 0.683333 0.558537 0.073333 0.053659
0 0.95 0.37561 0.06 0.053659
0 0.12 0.607317 0.066667 0.053659
0 0.22 0.578049 0.073333 0.043902
0 0.183333 0.556098 0.073333 0.043902
0 0.043333 0.541463 0.08 0.04878
0 0.263333 0.487805 0.06 0.043902
0 0.053333 0.456098 0.066667 0.04878
0 0.07 0.378049 0.06 0.04878
0 0.376667 0.385366 0.073333 0.04878
0 0.77 0.258537 0.046667 0.039024
0 0.746667 0.295122 0.053333 0.039024
0 0.703333 0.309756 0.08 0.043902
0 0.103333 0.307317 0.08 0.04878
0 0.216667 0.317073 0.086667 0.053659
0 0.24 0.258537 0.086667 0.053659
0 0.6 0.270732 0.066667 0.053659
0 0.613333 0.2 0.06 0.04878
0 0.513333 0.256098 0.066667 0.043902
0 0.443333 0.282927 0.073333 0.043902
0 0.36 0.246341 0.066667 0.04878
0 0.49 0.214634 0.066667 0.04878
0 0.386667 0.192683 0.053333 0.04878
0 0.35 0.195122 0.06 0.04878
0 0.306667 0.143902 0.06 0.04878
0 0.403333 0.14878 0.08 0.04878
0 0.5 0.153659 0.08 0.043902
0 0.59 0.107317 0.046667 0.043902
0 0.563333 0.109756 0.053333 0.039024
0 0.533333 0.078049 0.066667 0.039024
0 0.59 0.029268 0.066667 0.043902
0 0.526667 0.02439 0.073333 0.043902
0 0.403333 0.068293 0.073333 0.043902
0 0.353333 0.078049 0.066667 0.04878
0 0.266667 0.041463 0.06 0.043902
0 0.136667 0.158537 0.06 0.04878
0 0.083333 0.214634 0.06 0.04878
0 0.05 0.197561 0.06 0.039024
0 0.123333 0.117073 0.073333 0.043902
0 0.033333 0.163415 0.06 0.043902
0 0.066667 0.129268 0.066667 0.043902
0 0.016667 0.129268 0.053333 0.04878
0 0.096667 0.070732 0.046667 0.04878
0 0.126667 0.041463 0.06 0.04878
0 0.073333 0.029268 0.053333 0.043902
0 0.053333 0.068293 0.066667 0.04878
