0 0.95 0.404878 0.066667 0.058537
0 0.97 0.660976 0.06 0.063415
0 0.946667 0.870732 0.093333 0.04878
0 0.803333 0.907317 0.08 0.043902
0 0.513333 0.926829 0.066667 0.053659
0 0.05 0.9 0.06 0.043902
0 0.23 0.865854 0.073333 0.039024
0 0.383333 0.753659 0.08 0.043902
0 0.813333 0.731707 0.08 0.04878
0 0.853333 0.643902 0.066667 0.04878
0 0.02 0.787805 0.073333 0.043902
0 0.266667 0.812195 0.073333 0.053659
0 0.183333 0.790244 0.073333 0.043902
0 0.19 0.814634 0.053333 0.034146
0 0.663333 0.72439 0.06 0.04878
0 0.706667 0.714634 0.053333 0.04878
0 0.693333 0.65122 0.08 0.043902
0 0.653333 0.570732 0.073333 0.04878
0 0.113333 0.72439 0.08 0.053659
0 0.126667 0.626829 0.073333 0.058537
0 0.213333 0.563415 0.08 0.039024
0 0.226667 0.585366 0.073333 0.034146
0 0.06 0.543902 0.08 0.04878
0 0.246667 0.480488 0.06 0.043902
0 0.37 0.390244 0.073333 0.04878
0 0.063333 0.446341 0.073333 0.04878
0 0.07 0.385366 0.06 0.043902
0 0.78 0.260976 0.053333 0.039024
0 0.746667 0.290244 0.053333 0.039024
0 0.686667 0.307317 0.073333 0.043902
0 0.13 0.329268 0.066667 0.04878
0 0.206667 0.319512 0.08 0.043902
0 0.6 0.290244 0.066667 0.04878
0 0.616667 0.226829 0.066667 0.04878
0 0.506667 0.260976 0.066667 0.04878
0 0.423333 0.270732 0.08 0.053659
0 0.34 0.265854 0.066667 0.053659
0 0.213333 0.239024 0.08 0.04878
0 0.636667 0.041463 0.073333 0.043902
0 0.543333 0.021951 0.073333 0.043902
0 0.62 0.085366 0.053333 0.04878
0 0.55 0.085366 0.066667 0.043902
0 0.576667 0.112195 0.066667 0.039024
0 0.4 0.07561 0.066667 0.043902
0 0.273333 0.041463 0.053333 0.043902
0 0.513333 0.156098 0.073333 0.039024
0 0.346667 0.095122 0.053333 0.053659
0 0.386667 0.143902 0.08 0.04878
0 0.483333 0.202439 0.073333 0.04878
0 0.36 0.182927 0.073333 0.04878
0 0.31 0.153659 0.06 0.053659
0 0.093333 0.207317 0.053333 0.04878
0 0.14 0.15122 0.06 0.04878
0 0.15 0.114634 0.06 0.043902
0 0.11 0.112195 0.053333 0.04878
0 0.133333 0.060976 0.066667 0.04878
0 0.043333 0.031707 0.066667 0.043902
0 0.056667 0.073171 0.06 0.043902
0 0.026667 0.163415 0.066667 0.04878
0 0.063333 0.192683 0.06 0.043902
