0 0.033333 0.953659 0.06 0.043902
0 0.056667 0.902439 0.06 0.043902
0 0.513333 0.936585 0.066667 0.058537
0 0.783333 0.907317 0.08 0.04878
0 0.913333 0.853659 0.08 0.04878
0 0.976667 0.695122 0.053333 0.063415
0 0.02 0.780488 0.06 0.043902
0 0.343333 0.734146 0.08 0.043902
0 0.133333 0.743902 0.066667 0.04878
0 0.156667 0.77561 0.073333 0.043902
0 0.16 0.839024 0.053333 0.039024
0 0.193333 0.809756 0.053333 0.04878
0 0.246667 0.829268 0.06 0.053659
0 0.22 0.87561 0.06 0.04878
0 0.8 0.717073 0.08 0.04878
0 0.833333 0.65122 0.073333 0.04878
0 0.95 0.42439 0.066667 0.058537
0 0.656667 0.717073 0.06 0.04878
0 0.703333 0.704878 0.066667 0.063415
0 0.653333 0.64878 0.08 0.04878
0 0.63 0.582927 0.086667 0.04878
0 0.136667 0.653659 0.07 0.058537
0 0.093333 0.546341 0.07 0.05122
0 0.223333 0.585366 0.07 0.036585
0 0.236667 0.563415 0.06 0.036585
0 0.23 0.473171 0.06 0.043902
0 0.086667 0.436585 0.07 0.05122
0 0.366667 0.397561 0.07 0.05122
0 0.08 0.395122 0.06 0.043902
0 0.15 0.360976 0.07 0.05122
0 0.196667 0.32439 0.08 0.058537
0 0.2 0.226829 0.08 0.058537
0 0.793333 0.268293 0.06 0.043902
0 0.753333 0.297561 0.05 0.036585
0 0.686667 0.307317 0.08 0.043902
0 0.603333 0.314634 0.07 0.058537
0 0.02 0.27561 0.06 0.043902
0 0.313333 0.282927 0.073333 0.053659
0 0.613333 0.243902 0.073333 0.053659
0 0.5 0.265854 0.073333 0.04878
0 0.4 0.263415 0.086667 0.053659
0 0.83 0.021951 0.066667 0.04878
0 0.683333 0.060976 0.066667 0.04878
0 0.63 0.068293 0.053333 0.04878
0 0.533333 0.163415 0.073333 0.043902
0 0.463333 0.190244 0.073333 0.043902
0 0.583333 0.102439 0.08 0.04878
0 0.56 0.02439 0.073333 0.043902
0 0.1 0.202439 0.066667 0.053659
0 0.353333 0.182927 0.073333 0.04878
0 0.31 0.168293 0.06 0.04878
0 0.38 0.141463 0.073333 0.053659
0 0.406667 0.087805 0.073333 0.04878
0 0.333333 0.107317 0.073333 0.04878
0 0.356667 0.078049 0.06 0.053659
0 0.286667 0.046341 0.066667 0.053659
0 0.076667 0.182927 0.06 0.04878
0 0.02 0.165854 0.066667 0.053659
0 0.123333 0.14878 0.073333 0.053659
0 0.176667 0.104878 0.066667 0.053659
0 0.133333 0.109756 0.066667 0.04878
0 0.143333 0.07561 0.066667 0.04878
0 0.096667 0.1 0.066667 0.04878
0 0.066667 0.07561 0.066667 0.053659
0 0.02 0.109756 0.066667 0.053659
0 0.023333 0.031707 0.066667 0.04878
