0 0.51 0.953659 0.073333 0.053659
0 0.763333 0.921951 0.073333 0.053659
0 0.88 0.841463 0.086667 0.053659
0 0.983333 0.731707 0.073333 0.058537
0 0.966667 0.880488 0.053333 0.04878
0 0.013333 0.936585 0.053333 0.043902
0 0.056667 0.953659 0.06 0.039024
0 0.056667 0.909756 0.06 0.043902
0 0.136667 0.863415 0.053333 0.043902
0 0.23 0.892683 0.073333 0.053659
0 0.803333 0.64878 0.073333 0.043902
0 0.78 0.695122 0.08 0.053659
0 0.936667 0.453659 0.073333 0.053659
0 0.696667 0.685366 0.066667 0.058537
0 0.65 0.707317 0.066667 0.053659
0 0.613333 0.646341 0.093333 0.04878
0 0.6 0.587805 0.08 0.053659
0 0.243333 0.831707 0.073333 0.04878
0 0.2 0.831707 0.06 0.053659
0 0.153333 0.780488 0.073333 0.043902
0 0.14 0.746341 0.06 0.053659
0 0.016667 0.77561 0.073333 0.043902
0 0.313333 0.714634 0.073333 0.04878
0 0.133333 0.673171 0.066667 0.058537
0 0.126667 0.55122 0.08 0.043902
0 0.22 0.578049 0.086667 0.039024
0 0.25 0.553659 0.06 0.043902
0 0.806667 0.27561 0.06 0.043902
0 0.756667 0.307317 0.06 0.04878
0 0.676667 0.307317 0.08 0.043902
0 0.596667 0.346341 0.06 0.053659
0 0.36 0.402439 0.073333 0.053659
0 0.213333 0.465854 0.066667 0.043902
0 0.02 0.409756 0.046667 0.04878
0 0.08 0.397561 0.046667 0.043902
0 0.103333 0.42439 0.06 0.04878
0 0.183333 0.392683 0.073333 0.053659
0 0.183333 0.339024 0.073333 0.053659
0 0.29 0.302439 0.073333 0.053659
0 0.37 0.265854 0.086667 0.053659
0 0.493333 0.273171 0.053333 0.043902
0 0.593333 0.263415 0.073333 0.053659
0 0.033333 0.27561 0.06 0.043902
0 0.836667 0.039024 0.073333 0.053659
0 0.723333 0.085366 0.073333 0.053659
0 0.643333 0.058537 0.066667 0.043902
0 0.57 0.02439 0.073333 0.043902
0 0.6 0.119512 0.073333 0.053659
0 0.55 0.168293 0.073333 0.043902
0 0.46 0.185366 0.073333 0.04878
0 0.413333 0.090244 0.073333 0.04878
0 0.38 0.139024 0.073333 0.053659
0 0.34 0.187805 0.073333 0.043902
0 0.31 0.173171 0.06 0.039024
0 0.356667 0.07561 0.053333 0.043902
0 0.326667 0.109756 0.073333 0.043902
0 0.29 0.053659 0.046667 0.039024
0 0.196667 0.217073 0.08 0.053659
0 0.106667 0.202439 0.073333 0.04878
0 0.076667 0.178049 0.053333 0.04878
0 0.073333 0.068293 0.06 0.04878
0 0.153333 0.07561 0.06 0.043902
0 0.18 0.102439 0.066667 0.043902
0 0.133333 0.1 0.06 0.043902
0 0.086667 0.104878 0.06 0.04878
0 0.106667 0.141463 0.06 0.04878
