0 0.016667 0.931707 0.053333 0.043902
0 0.063333 0.907317 0.053333 0.043902
0 0.106667 0.887805 0.046667 0.039024
0 0.086667 0.958537 0.06 0.039024
0 0.24 0.909756 0.053333 0.053659
0 0.503333 0.958537 0.073333 0.053659
0 0.746667 0.931707 0.073333 0.053659
0 0.856667 0.834146 0.086667 0.043902
0 0.983333 0.768293 0.053333 0.058537
0 0.966667 0.878049 0.053333 0.039024
0 0.016667 0.768293 0.06 0.039024
0 0.29 0.692683 0.08 0.04878
0 0.123333 0.692683 0.073333 0.053659
0 0.146667 0.75122 0.053333 0.043902
0 0.146667 0.782927 0.066667 0.039024
0 0.203333 0.841463 0.053333 0.053659
0 0.236667 0.831707 0.073333 0.043902
0 0.773333 0.634146 0.073333 0.039024
0 0.76 0.67561 0.073333 0.053659
0 0.68 0.668293 0.06 0.058537
0 0.64 0.695122 0.06 0.04878
0 0.573333 0.639024 0.08 0.04878
0 0.573333 0.590244 0.086667 0.04878
0 0.916667 0.465854 0.073333 0.053659
0 0.146667 0.55122 0.06 0.04878
0 0.203333 0.568293 0.08 0.043902
0 0.256667 0.539024 0.066667 0.053659
0 0.203333 0.460976 0.053333 0.043902
0 0.82 0.278049 0.06 0.043902
0 0.76 0.321951 0.06 0.04878
0 0.663333 0.307317 0.073333 0.043902
0 0.583333 0.365854 0.066667 0.053659
0 0.35 0.407317 0.066667 0.04878
0 0.213333 0.414634 0.073333 0.043902
0 0.116667 0.409756 0.073333 0.043902
0 0.033333 0.414634 0.073333 0.043902
0 0.163333 0.356098 0.073333 0.053659
0 0.046667 0.273171 0.06 0.043902
0 0.263333 0.314634 0.073333 0.04878
0 0.57 0.278049 0.073333 0.053659
0 0.503333 0.278049 0.06 0.043902
0 0.346667 0.270732 0.086667 0.04878
0 0.846667 0.065854 0.066667 0.053659
0 0.756667 0.114634 0.073333 0.053659
0 0.563333 0.173171 0.073333 0.043902
0 0.646667 0.05122 0.06 0.043902
0 0.626667 0.14878 0.06 0.043902
0 0.61 0.114634 0.06 0.039024
0 0.583333 0.019512 0.06 0.039024
0 0.52 0.034146 0.073333 0.043902
0 0.42 0.104878 0.06 0.043902
0 0.46 0.187805 0.073333 0.043902
0 0.353333 0.080488 0.06 0.043902
0 0.296667 0.060976 0.053333 0.039024
0 0.38 0.131707 0.066667 0.04878
0 0.316667 0.107317 0.066667 0.043902
0 0.346667 0.202439 0.073333 0.043902
0 0.31 0.173171 0.06 0.043902
0 0.196667 0.204878 0.073333 0.053659
0 0.116667 0.207317 0.073333 0.053659
0 0.08 0.173171 0.053333 0.043902
0 0.2 0.087805 0.06 0.043902
0 0.08 0.060976 0.066667 0.04878
0 0.093333 0.136585 0.06 0.043902
0 0.156667 0.07561 0.053333 0.039024
0 0.13 0.104878 0.06 0.039024
0 0.08 0.104878 0.066667 0.043902
