0 0.02 0.929268 0.033333 0.039024
0 0.073333 0.914634 0.053333 0.04878
0 0.113333 0.956098 0.06 0.034146
0 0.266667 0.934146 0.066667 0.058537
0 0.73 0.94878 0.073333 0.053659
0 0.503333 0.960976 0.066667 0.053659
0 0.966667 0.878049 0.053333 0.043902
0 0.986667 0.797561 0.066667 0.053659
0 0.816667 0.814634 0.08 0.04878
0 0.213333 0.841463 0.053333 0.058537
0 0.24 0.834146 0.046667 0.053659
0 0.02 0.765854 0.06 0.043902
0 0.13 0.782927 0.073333 0.043902
0 0.156667 0.75122 0.046667 0.053659
0 0.113333 0.714634 0.066667 0.053659
0 0.283333 0.673171 0.073333 0.04878
0 0.636667 0.695122 0.06 0.043902
0 0.75 0.612195 0.073333 0.043902
0 0.75 0.663415 0.073333 0.04878
0 0.676667 0.646341 0.06 0.063415
0 0.54 0.634146 0.08 0.04878
0 0.54 0.582927 0.08 0.04878
0 0.18 0.568293 0.08 0.039024
0 0.18 0.54878 0.08 0.034146
0 0.26 0.521951 0.066667 0.053659
0 0.893333 0.47561 0.08 0.04878
0 0.08 0.429268 0.08 0.043902
0 0.56 0.385366 0.073333 0.053659
0 0.84 0.273171 0.06 0.039024
0 0.76 0.346341 0.06 0.053659
0 0.196667 0.453659 0.06 0.039024
0 0.25 0.436585 0.066667 0.04878
0 0.346667 0.412195 0.066667 0.04878
0 0.123333 0.404878 0.073333 0.043902
0 0.14 0.363415 0.073333 0.04878
0 0.063333 0.270732 0.066667 0.043902
0 0.246667 0.319512 0.073333 0.053659
0 0.316667 0.278049 0.073333 0.04878
0 0.646667 0.302439 0.073333 0.04878
0 0.546667 0.290244 0.073333 0.04878
0 0.506667 0.280488 0.053333 0.053659
0 0.863333 0.090244 0.073333 0.058537
0 0.783333 0.143902 0.073333 0.058537
0 0.653333 0.163415 0.073333 0.058537
0 0.57 0.178049 0.073333 0.04878
0 0.62 0.117073 0.066667 0.043902
0 0.663333 0.041463 0.066667 0.04878
0 0.593333 0.019512 0.066667 0.04878
0 0.476667 0.04878 0.073333 0.043902
0 0.423333 0.119512 0.066667 0.053659
0 0.453333 0.197561 0.073333 0.053659
0 0.33 0.217073 0.073333 0.053659
0 0.123333 0.217073 0.073333 0.053659
0 0.193333 0.197561 0.08 0.053659
0 0.076667 0.163415 0.053333 0.043902
0 0.3 0.163415 0.06 0.053659
0 0.373333 0.173171 0.053333 0.053659
0 0.366667 0.126829 0.06 0.04878
0 0.346667 0.082927 0.06 0.043902
0 0.303333 0.112195 0.06 0.039024
0 0.3 0.065854 0.04 0.034146
0 0.216667 0.078049 0.053333 0.039024
0 0.17 0.07561 0.066667 0.039024
0 0.133333 0.114634 0.053333 0.034146
0 0.076667 0.131707 0.073333 0.039024
0 0.056667 0.107317 0.08 0.034146
0 0.096667 0.056098 0.066667 0.04878
