0 0.023333 0.929268 0.04 0.039024
0 0.063333 0.912195 0.06 0.039024
0 0.046667 0.946341 0.053333 0.039024
0 0.133333 0.956098 0.066667 0.043902
0 0.283333 0.970732 0.053333 0.058537
0 0.5 0.965854 0.06 0.04878
0 0.703333 0.960976 0.073333 0.053659
0 0.786667 0.802439 0.08 0.053659
0 0.983333 0.826829 0.046667 0.053659
0 0.966667 0.878049 0.06 0.043902
0 0.023333 0.763415 0.06 0.043902
0 0.103333 0.729268 0.073333 0.053659
0 0.163333 0.746341 0.046667 0.043902
0 0.116667 0.785366 0.08 0.04878
0 0.21 0.84878 0.046667 0.04878
0 0.24 0.836585 0.053333 0.043902
0 0.743333 0.658537 0.08 0.053659
0 0.726667 0.587805 0.073333 0.04878
0 0.663333 0.619512 0.066667 0.058537
0 0.63 0.692683 0.066667 0.04878
0 0.266667 0.646341 0.073333 0.053659
0 0.513333 0.62439 0.08 0.04878
0 0.513333 0.570732 0.086667 0.04878
0 0.86 0.478049 0.08 0.04878
0 0.163333 0.560976 0.086667 0.043902
0 0.21 0.534146 0.08 0.043902
0 0.266667 0.5 0.06 0.053659
0 0.183333 0.441463 0.053333 0.034146
0 0.76 0.370732 0.06 0.053659
0 0.853333 0.260976 0.06 0.043902
0 0.533333 0.397561 0.073333 0.043902
0 0.34 0.42439 0.066667 0.04878
0 0.28 0.45122 0.086667 0.043902
0 0.103333 0.443902 0.073333 0.04878
0 0.133333 0.397561 0.073333 0.04878
0 0.123333 0.360976 0.073333 0.053659
0 0.23 0.319512 0.073333 0.053659
0 0.073333 0.270732 0.066667 0.04878
0 0.63 0.290244 0.073333 0.04878
0 0.88 0.126829 0.066667 0.053659
0 0.81 0.165854 0.073333 0.053659
0 0.683333 0.192683 0.066667 0.053659
0 0.623333 0.112195 0.066667 0.053659
0 0.673333 0.034146 0.066667 0.04878
0 0.596667 0.014634 0.053333 0.043902
0 0.416667 0.053659 0.08 0.043902
0 0.513333 0.302439 0.073333 0.043902
0 0.576667 0.190244 0.06 0.04878
0 0.453333 0.212195 0.073333 0.053659
0 0.293333 0.282927 0.08 0.053659
0 0.31 0.231707 0.066667 0.04878
0 0.13 0.236585 0.073333 0.053659
0 0.186667 0.182927 0.073333 0.053659
0 0.073333 0.160976 0.053333 0.043902
0 0.416667 0.139024 0.066667 0.058537
0 0.366667 0.173171 0.066667 0.04878
0 0.3 0.143902 0.066667 0.043902
0 0.363333 0.117073 0.06 0.058537
0 0.33 0.085366 0.06 0.043902
0 0.296667 0.107317 0.066667 0.039024
0 0.3 0.070732 0.046667 0.039024
0 0.14 0.117073 0.06 0.043902
0 0.223333 0.060976 0.06 0.04878
0 0.163333 0.068293 0.06 0.043902
0 0.11 0.046341 0.08 0.04878
0 0.063333 0.126829 0.086667 0.043902
0 0.026667 0.102439 0.073333 0.039024
