0 0.063333 0.912195 0.06 0.039024
0 0.023333 0.931707 0.04 0.039024
0 0.03 0.970732 0.053333 0.043902
0 0.16 0.958537 0.066667 0.04878
0 0.503333 0.970732 0.06 0.043902
0 0.67 0.980488 0.073333 0.04878
0 0.983333 0.870732 0.066667 0.043902
0 0.756667 0.785366 0.086667 0.053659
0 0.213333 0.856098 0.073333 0.053659
0 0.093333 0.797561 0.073333 0.053659
0 0.086667 0.753659 0.073333 0.053659
0 0.02 0.760976 0.06 0.039024
0 0.166667 0.74878 0.046667 0.043902
0 0.63 0.695122 0.066667 0.04878
0 0.733333 0.658537 0.086667 0.04878
0 0.253333 0.626829 0.08 0.04878
0 0.49 0.619512 0.08 0.04878
0 0.64 0.592683 0.066667 0.058537
0 0.703333 0.563415 0.066667 0.043902
0 0.823333 0.468293 0.08 0.04878
0 0.486667 0.556098 0.08 0.04878
0 0.143333 0.560976 0.08 0.04878
0 0.746667 0.395122 0.06 0.053659
0 0.506667 0.404878 0.073333 0.04878
0 0.243333 0.521951 0.066667 0.04878
0 0.276667 0.485366 0.06 0.043902
0 0.316667 0.458537 0.073333 0.039024
0 0.343333 0.431707 0.06 0.039024
0 0.18 0.431707 0.066667 0.039024
0 0.133333 0.458537 0.066667 0.039024
0 0.093333 0.441463 0.053333 0.039024
0 0.14 0.385366 0.066667 0.043902
0 0.106667 0.353659 0.086667 0.039024
0 0.21 0.319512 0.066667 0.04878
0 0.9 0.156098 0.066667 0.058537
0 0.843333 0.197561 0.066667 0.053659
0 0.86 0.241463 0.066667 0.043902
0 0.706667 0.219512 0.073333 0.053659
0 0.613333 0.278049 0.073333 0.04878
0 0.486667 0.314634 0.08 0.043902
0 0.523333 0.287805 0.06 0.034146
0 0.27 0.287805 0.08 0.043902
0 0.133333 0.253659 0.066667 0.058537
0 0.076667 0.270732 0.066667 0.039024
0 0.293333 0.239024 0.08 0.04878
0 0.45 0.231707 0.073333 0.058537
0 0.573333 0.2 0.066667 0.053659
0 0.626667 0.109756 0.066667 0.043902
0 0.686667 0.036585 0.06 0.034146
0 0.596667 0.017073 0.053333 0.043902
0 0.036667 0.129268 0.073333 0.043902
0 0.07 0.160976 0.06 0.043902
0 0.183333 0.173171 0.073333 0.053659
0 0.41 0.160976 0.06 0.053659
0 0.373333 0.17561 0.046667 0.053659
0 0.363333 0.060976 0.073333 0.039024
0 0.126667 0.041463 0.073333 0.043902
0 0.236667 0.041463 0.06 0.043902
0 0.17 0.063415 0.06 0.039024
0 0.15 0.121951 0.066667 0.043902
0 0.293333 0.097561 0.093333 0.039024
0 0.366667 0.107317 0.073333 0.053659
0 0.3 0.129268 0.066667 0.043902
