0 0.73 0.765854 0.093333 0.04878
0 0.626667 0.697561 0.066667 0.04878
0 0.726667 0.656098 0.086667 0.053659
0 0.64 0.990244 0.06 0.053659
0 0.5 0.973171 0.053333 0.039024
0 0.18 0.958537 0.073333 0.04878
0 0.026667 0.934146 0.04 0.034146
0 0.06 0.917073 0.053333 0.039024
0 0.196667 0.870732 0.073333 0.058537
0 0.08 0.817073 0.066667 0.04878
0 0.066667 0.768293 0.066667 0.053659
0 0.176667 0.756098 0.046667 0.053659
0 0.013333 0.74878 0.046667 0.043902
0 0.013333 0.656098 0.046667 0.034146
0 0.236667 0.607317 0.073333 0.043902
0 0.126667 0.556098 0.093333 0.053659
0 0.62 0.565854 0.06 0.058537
0 0.69 0.539024 0.066667 0.043902
0 0.466667 0.617073 0.08 0.043902
0 0.463333 0.539024 0.08 0.053659
0 0.796667 0.458537 0.08 0.04878
0 0.733333 0.409756 0.06 0.053659
0 0.483333 0.412195 0.08 0.043902
0 0.26 0.512195 0.086667 0.039024
0 0.286667 0.482927 0.066667 0.053659
0 0.343333 0.460976 0.08 0.04878
0 0.093333 0.45122 0.053333 0.043902
0 0.146667 0.460976 0.073333 0.053659
0 0.16 0.426829 0.053333 0.043902
0 0.09 0.343902 0.08 0.04878
0 0.136667 0.373171 0.066667 0.043902
0 0.923333 0.187805 0.06 0.053659
0 0.873333 0.231707 0.073333 0.053659
0 0.73 0.243902 0.073333 0.053659
0 0.6 0.268293 0.073333 0.053659
0 0.456667 0.321951 0.073333 0.04878
0 0.526667 0.290244 0.06 0.043902
0 0.58 0.209756 0.053333 0.043902
0 0.636667 0.109756 0.073333 0.043902
0 0.693333 0.034146 0.06 0.039024
0 0.146667 0.278049 0.073333 0.053659
0 0.186667 0.314634 0.066667 0.043902
0 0.246667 0.287805 0.08 0.043902
0 0.27 0.24878 0.08 0.039024
0 0.4 0.185366 0.06 0.053659
0 0.066667 0.158537 0.053333 0.043902
0 0.016667 0.129268 0.073333 0.043902
0 0.37 0.087805 0.066667 0.04878
0 0.17 0.170732 0.08 0.04878
0 0.16 0.126829 0.06 0.043902
0 0.3 0.126829 0.066667 0.043902
0 0.14 0.034146 0.08 0.043902
0 0.246667 0.029268 0.066667 0.043902
0 0.163333 0.063415 0.053333 0.034146
0 0.256667 0.095122 0.08 0.043902
0 0.296667 0.080488 0.046667 0.053659
