0 0.02 0.939024 0.04 0.039024
0 0.056667 0.921951 0.053333 0.039024
0 0.19 0.963415 0.06 0.039024
0 0.22 0.990244 0.04 0.04878
0 0.503333 0.978049 0.053333 0.034146
0 0.633333 0.992683 0.066667 0.034146
0 0.97 0.878049 0.053333 0.043902
0 0.06 0.843902 0.06 0.053659
0 0.163333 0.887805 0.06 0.053659
0 0.196667 0.882927 0.053333 0.04878
0 0.046667 0.785366 0.073333 0.053659
0 0.176667 0.773171 0.053333 0.053659
0 0.696667 0.753659 0.08 0.04878
0 0.626667 0.7 0.066667 0.043902
0 0.7 0.656098 0.08 0.04878
0 0.02 0.658537 0.053333 0.034146
0 0.086667 0.553659 0.086667 0.04878
0 0.23 0.595122 0.073333 0.043902
0 0.44 0.619512 0.086667 0.043902
0 0.6 0.543902 0.066667 0.053659
0 0.67 0.519512 0.066667 0.04878
0 0.79 0.44878 0.08 0.04878
0 0.716667 0.417073 0.066667 0.04878
0 0.443333 0.52439 0.08 0.04878
0 0.473333 0.42439 0.073333 0.04878
0 0.29 0.47561 0.053333 0.04878
0 0.373333 0.473171 0.08 0.043902
0 0.29 0.507317 0.073333 0.043902
0 0.096667 0.456098 0.053333 0.04878
0 0.156667 0.419512 0.06 0.039024
0 0.16 0.468293 0.066667 0.04878
0 0.133333 0.368293 0.053333 0.039024
0 0.063333 0.331707 0.08 0.04878
0 0.736667 0.270732 0.073333 0.053659
0 0.943333 0.22439 0.06 0.053659
0 0.903333 0.268293 0.066667 0.053659
0 0.873333 0.209756 0.06 0.043902
0 0.583333 0.260976 0.073333 0.043902
0 0.57 0.22439 0.053333 0.043902
0 0.526667 0.292683 0.073333 0.043902
0 0.433333 0.334146 0.066667 0.04878
0 0.42 0.27561 0.073333 0.053659
0 0.166667 0.309756 0.073333 0.053659
0 0.223333 0.290244 0.08 0.039024
0 0.236667 0.25122 0.08 0.043902
0 0.383333 0.207317 0.06 0.058537
0 0.643333 0.109756 0.073333 0.04878
0 0.706667 0.043902 0.066667 0.043902
0 0.603333 0.041463 0.06 0.043902
0 0.363333 0.068293 0.066667 0.04878
0 0.296667 0.131707 0.06 0.043902
0 0.153333 0.173171 0.08 0.043902
0 0.163333 0.131707 0.06 0.043902
0 0.063333 0.14878 0.046667 0.043902
0 0.23 0.092683 0.086667 0.043902
0 0.273333 0.082927 0.066667 0.043902
0 0.25 0.019512 0.066667 0.039024
0 0.15 0.026829 0.066667 0.039024
0 0.166667 0.070732 0.046667 0.039024
