0 0.03 0.804878 0.073333 0.04878
0 0.05 0.878049 0.06 0.053659
0 0.02 0.94878 0.033333 0.043902
0 0.056667 0.929268 0.053333 0.043902
0 0.18 0.802439 0.053333 0.043902
0 0.143333 0.909756 0.066667 0.04878
0 0.186667 0.904878 0.053333 0.053659
0 0.2 0.968293 0.073333 0.053659
0 0.51 0.980488 0.066667 0.043902
0 0.973333 0.87561 0.06 0.039024
0 0.67 0.743902 0.08 0.04878
0 0.623333 0.704878 0.066667 0.04878
0 0.68 0.65122 0.086667 0.04878
0 0.02 0.663415 0.053333 0.039024
0 0.413333 0.62439 0.086667 0.04878
0 0.216667 0.585366 0.066667 0.04878
0 0.053333 0.553659 0.093333 0.04878
0 0.783333 0.441463 0.08 0.04878
0 0.093333 0.468293 0.053333 0.039024
0 0.156667 0.417073 0.053333 0.034146
0 0.17 0.468293 0.066667 0.043902
0 0.286667 0.463415 0.053333 0.058537
0 0.31 0.504878 0.066667 0.043902
0 0.34 0.480488 0.04 0.039024
0 0.393333 0.487805 0.066667 0.043902
0 0.44 0.517073 0.08 0.043902
0 0.456667 0.431707 0.073333 0.039024
0 0.88 0.202439 0.06 0.043902
0 0.97 0.270732 0.053333 0.053659
0 0.923333 0.304878 0.06 0.053659
0 0.74 0.297561 0.06 0.058537
0 0.563333 0.234146 0.053333 0.039024
0 0.536667 0.297561 0.066667 0.043902
0 0.57 0.265854 0.08 0.043902
0 0.42 0.358537 0.073333 0.053659
0 0.04 0.319512 0.066667 0.04878
0 0.113333 0.358537 0.06 0.039024
0 0.2 0.246341 0.08 0.043902
0 0.21 0.287805 0.086667 0.039024
0 0.13 0.304878 0.066667 0.043902
0 0.183333 0.343902 0.066667 0.053659
0 0.403333 0.285366 0.093333 0.043902
0 0.366667 0.234146 0.073333 0.053659
0 0.15 0.182927 0.08 0.04878
0 0.066667 0.136585 0.046667 0.043902
0 0.363333 0.173171 0.053333 0.043902
0 0.296667 0.139024 0.06 0.039024
0 0.163333 0.139024 0.06 0.039024
0 0.166667 0.1 0.08 0.043902
0 0.246667 0.082927 0.086667 0.04878
0 0.646667 0.112195 0.066667 0.04878
0 0.71 0.063415 0.066667 0.04878
0 0.603333 0.063415 0.066667 0.04878
0 0.15 0.021951 0.073333 0.053659
0 0.256667 0.012195 0.06 0.039024
0 0.713333 0.007317 0.06 0.034146
0 0.346667 0.05122 0.073333 0.053659
0 0.69 0.426829 0.066667 0.04878
0 0.643333 0.490244 0.066667 0.04878
0 0.583333 0.526829 0.06 0.058537
