0 0.973333 0.878049 0.053333 0.039024
0 0.513333 0.985366 0.06 0.039024
0 0.22 0.973171 0.06 0.039024
0 0.186667 0.92439 0.06 0.04878
0 0.123333 0.931707 0.073333 0.053659
0 0.016667 0.946341 0.046667 0.039024
0 0.053333 0.939024 0.046667 0.039024
0 0.043333 0.914634 0.053333 0.053659
0 0.023333 0.817073 0.06 0.053659
0 0.183333 0.831707 0.053333 0.063415
0 0.65 0.736585 0.08 0.043902
0 0.626667 0.707317 0.066667 0.04878
0 0.656667 0.641463 0.086667 0.053659
0 0.383333 0.631707 0.073333 0.053659
0 0.013333 0.704878 0.053333 0.039024
0 0.023333 0.665854 0.06 0.043902
0 0.023333 0.553659 0.073333 0.04878
0 0.203333 0.568293 0.073333 0.04878
0 0.78 0.429268 0.073333 0.053659
0 0.743333 0.32439 0.066667 0.053659
0 0.666667 0.426829 0.073333 0.043902
0 0.62 0.463415 0.066667 0.04878
0 0.57 0.512195 0.066667 0.058537
0 0.09 0.47561 0.073333 0.04878
0 0.446667 0.521951 0.073333 0.053659
0 0.4 0.495122 0.066667 0.04878
0 0.33 0.502439 0.066667 0.04878
0 0.156667 0.419512 0.066667 0.043902
0 0.176667 0.460976 0.066667 0.043902
0 0.273333 0.436585 0.053333 0.04878
0 0.433333 0.426829 0.066667 0.043902
0 0.99 0.302439 0.053333 0.04878
0 0.936667 0.329268 0.073333 0.053659
0 0.886667 0.195122 0.06 0.043902
0 0.54 0.304878 0.06 0.043902
0 0.553333 0.273171 0.08 0.039024
0 0.556667 0.239024 0.073333 0.043902
0 0.38 0.287805 0.086667 0.04878
0 0.35 0.253659 0.066667 0.053659
0 0.196667 0.373171 0.073333 0.058537
0 0.41 0.385366 0.073333 0.053659
0 0.076667 0.360976 0.073333 0.043902
0 0.023333 0.307317 0.073333 0.043902
0 0.093333 0.295122 0.066667 0.04878
0 0.17 0.280488 0.086667 0.043902
0 0.103333 0.256098 0.066667 0.043902
0 0.166667 0.236585 0.08 0.04878
0 0.126667 0.195122 0.08 0.04878
0 0.353333 0.170732 0.06 0.04878
0 0.286667 0.146341 0.06 0.053659
0 0.17 0.143902 0.066667 0.04878
0 0.066667 0.12439 0.066667 0.04878
0 0.646667 0.112195 0.066667 0.043902
0 0.713333 0.078049 0.066667 0.04878
0 0.6 0.090244 0.06 0.053659
0 0.133333 0.095122 0.073333 0.04878
0 0.23 0.073171 0.066667 0.04878
0 0.243333 0.090244 0.073333 0.043902
0 0.02 0.034146 0.046667 0.053659
0 0.146667 0.021951 0.066667 0.04878
0 0.343333 0.031707 0.073333 0.053659
