0 0.516667 0.985366 0.06 0.04878
0 0.236667 0.973171 0.073333 0.04878
0 0.18 0.943902 0.066667 0.04878
0 0.1 0.956098 0.066667 0.053659
0 0.033333 0.943902 0.073333 0.04878
0 0.193333 0.858537 0.066667 0.058537
0 0.616667 0.729268 0.073333 0.04878
0 0.64 0.707317 0.06 0.043902
0 0.626667 0.62439 0.073333 0.053659
0 0.353333 0.641463 0.073333 0.053659
0 0.016667 0.704878 0.053333 0.039024
0 0.03 0.668293 0.053333 0.039024
0 0.013333 0.558537 0.066667 0.043902
0 0.186667 0.54878 0.073333 0.053659
0 0.34 0.5 0.073333 0.053659
0 0.396667 0.502439 0.06 0.04878
0 0.44 0.529268 0.073333 0.04878
0 0.55 0.490244 0.066667 0.053659
0 0.95 0.358537 0.073333 0.053659
0 0.593333 0.436585 0.06 0.04878
0 0.64 0.421951 0.073333 0.043902
0 0.746667 0.404878 0.073333 0.053659
0 0.736667 0.353659 0.073333 0.058537
0 0.9 0.197561 0.066667 0.04878
0 0.073333 0.482927 0.066667 0.04878
0 0.173333 0.44878 0.066667 0.04878
0 0.15 0.417073 0.06 0.043902
0 0.213333 0.397561 0.073333 0.053659
0 0.276667 0.412195 0.073333 0.058537
0 0.413333 0.42439 0.073333 0.04878
0 0.406667 0.397561 0.073333 0.053659
0 0.546667 0.314634 0.066667 0.043902
0 0.536667 0.280488 0.073333 0.043902
0 0.54 0.241463 0.08 0.043902
0 0.326667 0.270732 0.073333 0.053659
0 0.356667 0.292683 0.073333 0.043902
0 0.036667 0.363415 0.073333 0.04878
0 0.72 0.1 0.066667 0.043902
0 0.653333 0.112195 0.066667 0.04878
0 0.59 0.119512 0.066667 0.058537
0 0.34 0.165854 0.06 0.043902
0 0.29 0.165854 0.053333 0.04878
0 0.01 0.290244 0.06 0.04878
0 0.06 0.285366 0.066667 0.04878
0 0.123333 0.268293 0.08 0.04878
0 0.133333 0.226829 0.086667 0.043902
0 0.09 0.207317 0.08 0.04878
0 0.18 0.15122 0.066667 0.043902
0 0.21 0.087805 0.08 0.043902
0 0.18 0.104878 0.066667 0.053659
0 0.066667 0.117073 0.06 0.043902
0 0.1 0.092683 0.08 0.04878
0 0.013333 0.046341 0.053333 0.053659
0 0.14 0.019512 0.066667 0.043902
0 0.333333 0.014634 0.066667 0.043902
