0 0.013333 0.943902 0.053333 0.043902
0 0.05 0.97561 0.06 0.078049
0 0.083333 0.973171 0.06 0.058537
0 0.176667 0.960976 0.06 0.058537
0 0.246667 0.965854 0.066667 0.058537
0 0.523333 0.990244 0.06 0.053659
0 0.2 0.885366 0.06 0.058537
0 0.98 0.880488 0.046667 0.039024
0 0.593333 0.719512 0.073333 0.053659
0 0.65 0.707317 0.066667 0.043902
0 0.016667 0.704878 0.073333 0.043902
0 0.036667 0.668293 0.053333 0.039024
0 0.32 0.65122 0.08 0.043902
0 0.603333 0.607317 0.08 0.053659
0 0.97 0.392683 0.066667 0.053659
0 0.913333 0.204878 0.06 0.043902
0 0.733333 0.368293 0.066667 0.04878
0 0.73 0.397561 0.08 0.04878
0 0.616667 0.409756 0.073333 0.043902
0 0.576667 0.419512 0.066667 0.04878
0 0.536667 0.47561 0.066667 0.04878
0 0.443333 0.536585 0.073333 0.04878
0 0.406667 0.509756 0.066667 0.04878
0 0.346667 0.497561 0.066667 0.04878
0 0.163333 0.526829 0.073333 0.04878
0 0.066667 0.492683 0.066667 0.04878
0 0.16 0.429268 0.066667 0.053659
0 0.246667 0.421951 0.073333 0.053659
0 0.273333 0.385366 0.066667 0.053659
0 0.013333 0.563415 0.066667 0.053659
0 0.013333 0.373171 0.06 0.053659
0 0.553333 0.319512 0.073333 0.04878
0 0.513333 0.280488 0.08 0.043902
0 0.52 0.243902 0.08 0.043902
0 0.723333 0.126829 0.06 0.053659
0 0.653333 0.114634 0.073333 0.043902
0 0.586667 0.146341 0.066667 0.053659
0 0.33 0.163415 0.06 0.04878
0 0.3 0.185366 0.06 0.04878
0 0.02 0.27561 0.066667 0.043902
0 0.076667 0.253659 0.08 0.043902
0 0.113333 0.231707 0.08 0.039024
0 0.06 0.209756 0.08 0.04878
0 0.19 0.158537 0.066667 0.043902
0 0.2 0.073171 0.066667 0.04878
0 0.176667 0.1 0.073333 0.039024
0 0.056667 0.109756 0.066667 0.039024
0 0.063333 0.082927 0.08 0.043902
0 0.136667 0.012195 0.066667 0.043902
0 0.016667 0.080488 0.06 0.058537
