0 0.983333 0.882927 0.053333 0.043902
0 0.526667 0.987805 0.06 0.043902
0 0.21 0.907317 0.066667 0.053659
0 0.26 0.965854 0.073333 0.063415
0 0.173333 0.97561 0.073333 0.053659
0 0.013333 0.943902 0.06 0.043902
0 0.07 0.982927 0.073333 0.053659
0 0.566667 0.707317 0.08 0.053659
0 0.656667 0.707317 0.073333 0.043902
0 0.016667 0.707317 0.073333 0.043902
0 0.04 0.670732 0.06 0.043902
0 0.293333 0.658537 0.08 0.043902
0 0.58 0.585366 0.08 0.053659
0 0.99 0.421951 0.066667 0.04878
0 0.053333 0.502439 0.066667 0.04878
0 0.133333 0.507317 0.073333 0.04878
0 0.45 0.54878 0.073333 0.053659
0 0.723333 0.370732 0.066667 0.043902
0 0.703333 0.4 0.08 0.039024
0 0.926667 0.212195 0.06 0.043902
0 0.136667 0.414634 0.046667 0.043902
0 0.153333 0.412195 0.04 0.04878
0 0.353333 0.539024 0.053333 0.039024
0 0.523333 0.460976 0.06 0.053659
0 0.356667 0.495122 0.066667 0.043902
0 0.41 0.504878 0.06 0.04878
0 0.273333 0.443902 0.08 0.058537
0 0.396667 0.439024 0.073333 0.04878
0 0.366667 0.397561 0.086667 0.04878
0 0.27 0.368293 0.066667 0.058537
0 0.56 0.32439 0.066667 0.04878
0 0.6 0.390244 0.066667 0.043902
0 0.556667 0.4 0.066667 0.043902
0 0.726667 0.15122 0.06 0.053659
0 0.656667 0.117073 0.066667 0.04878
0 0.58 0.170732 0.066667 0.063415
0 0.5 0.246341 0.086667 0.039024
0 0.483333 0.280488 0.086667 0.039024
0 0.323333 0.317073 0.073333 0.053659
0 0.283333 0.27561 0.08 0.04878
0 0.316667 0.2 0.066667 0.043902
0 0.32 0.160976 0.053333 0.043902
0 0.043333 0.25122 0.073333 0.039024
0 0.09 0.236585 0.073333 0.04878
0 0.033333 0.204878 0.08 0.043902
0 0.21 0.17561 0.06 0.039024
0 0.173333 0.141463 0.073333 0.053659
0 0.156667 0.085366 0.066667 0.04878
0 0.186667 0.060976 0.06 0.039024
0 0.04 0.097561 0.066667 0.043902
