0 0.533333 0.990244 0.066667 0.04878
0 0.276667 0.990244 0.06 0.034146
0 0.273333 0.946341 0.06 0.04878
0 0.226667 0.926829 0.073333 0.053659
0 0.166667 0.990244 0.06 0.043902
0 0.06 0.987805 0.073333 0.053659
0 0.663333 0.707317 0.066667 0.043902
0 0.536667 0.685366 0.08 0.053659
0 0.263333 0.658537 0.08 0.043902
0 0.02 0.707317 0.073333 0.043902
0 0.043333 0.668293 0.06 0.039024
0 0.57 0.570732 0.08 0.053659
0 0.453333 0.563415 0.073333 0.053659
0 0.71 0.368293 0.08 0.04878
0 0.686667 0.4 0.08 0.043902
0 0.94 0.217073 0.06 0.039024
0 0.036667 0.514634 0.06 0.04878
0 0.103333 0.482927 0.08 0.043902
0 0.133333 0.417073 0.046667 0.034146
0 0.136667 0.390244 0.053333 0.043902
0 0.513333 0.443902 0.06 0.04878
0 0.36 0.55122 0.053333 0.039024
0 0.41 0.497561 0.046667 0.04878
0 0.363333 0.495122 0.06 0.04878
0 0.286667 0.468293 0.073333 0.053659
0 0.383333 0.44878 0.066667 0.043902
0 0.54 0.382927 0.06 0.043902
0 0.576667 0.370732 0.066667 0.043902
0 0.57 0.331707 0.073333 0.043902
0 0.343333 0.385366 0.086667 0.04878
0 0.253333 0.34878 0.06 0.053659
0 0.303333 0.32439 0.08 0.043902
0 0.726667 0.180488 0.06 0.053659
0 0.693333 0.007317 0.08 0.043902
0 0.66 0.117073 0.06 0.04878
0 0.586667 0.204878 0.073333 0.063415
0 0.47 0.243902 0.086667 0.043902
0 0.45 0.27561 0.08 0.043902
0 0.253333 0.273171 0.086667 0.043902
0 0.323333 0.217073 0.073333 0.053659
0 0.313333 0.156098 0.06 0.043902
0 0.223333 0.192683 0.06 0.043902
0 0.113333 0.243902 0.066667 0.043902
0 0.06 0.234146 0.066667 0.043902
0 0.023333 0.25122 0.073333 0.04878
0 0.016667 0.190244 0.073333 0.053659
0 0.17 0.156098 0.073333 0.04878
0 0.026667 0.092683 0.066667 0.043902
0 0.15 0.060976 0.066667 0.039024
0 0.13 0.082927 0.073333 0.043902
0 0.13 0.009756 0.066667 0.039024
0 0.01 0.114634 0.053333 0.043902
