0 0.546667 0.990244 0.06 0.043902
0 0.07 0.97561 0.053333 0.039024
0 0.256667 0.94878 0.073333 0.04878
0 0.296667 0.936585 0.046667 0.039024
0 0.67 0.707317 0.066667 0.043902
0 0.506667 0.663415 0.08 0.053659
0 0.23 0.663415 0.08 0.043902
0 0.03 0.712195 0.066667 0.04878
0 0.05 0.663415 0.053333 0.043902
0 0.566667 0.556098 0.073333 0.053659
0 0.46 0.578049 0.06 0.058537
0 0.366667 0.560976 0.06 0.043902
0 0.5 0.429268 0.06 0.04878
0 0.41 0.487805 0.046667 0.04878
0 0.373333 0.497561 0.066667 0.043902
0 0.3 0.492683 0.073333 0.053659
0 0.37 0.458537 0.066667 0.043902
0 0.02 0.529268 0.053333 0.04878
0 0.076667 0.468293 0.08 0.043902
0 0.116667 0.426829 0.06 0.043902
0 0.133333 0.378049 0.06 0.04878
0 0.95 0.209756 0.06 0.043902
0 0.68 0.360976 0.08 0.04878
0 0.67 0.402439 0.08 0.043902
0 0.73 0.202439 0.06 0.053659
0 0.52 0.368293 0.073333 0.043902
0 0.546667 0.35122 0.066667 0.034146
0 0.576667 0.334146 0.066667 0.043902
0 0.593333 0.24878 0.066667 0.058537
0 0.66 0.117073 0.066667 0.04878
0 0.643333 0.009756 0.08 0.04878
0 0.33 0.373171 0.08 0.043902
0 0.443333 0.241463 0.08 0.039024
0 0.426667 0.273171 0.08 0.039024
0 0.226667 0.329268 0.073333 0.039024
0 0.283333 0.32439 0.08 0.043902
0 0.333333 0.221951 0.073333 0.04878
0 0.223333 0.268293 0.086667 0.043902
0 0.296667 0.153659 0.06 0.043902
0 0.23 0.212195 0.066667 0.04878
0 0.17 0.168293 0.073333 0.053659
0 0.123333 0.243902 0.06 0.04878
0 0.013333 0.256098 0.066667 0.043902
0 0.04 0.226829 0.073333 0.043902
0 0.096667 0.065854 0.093333 0.04878
0 0.016667 0.092683 0.06 0.043902
0 0.013333 0.136585 0.046667 0.053659
0 0.016667 0.182927 0.04 0.053659
