0 0.553333 0.992683 0.066667 0.043902
0 0.066667 0.97561 0.053333 0.039024
0 0.023333 0.897561 0.06 0.039024
0 0.306667 0.921951 0.06 0.043902
0 0.28 0.965854 0.08 0.053659
0 0.99 0.890244 0.06 0.034146
0 0.68 0.709756 0.073333 0.04878
0 0.033333 0.714634 0.073333 0.053659
0 0.056667 0.656098 0.06 0.043902
0 0.013333 0.660976 0.053333 0.043902
0 0.2 0.663415 0.08 0.043902
0 0.48 0.641463 0.08 0.04878
0 0.456667 0.592683 0.066667 0.058537
0 0.563333 0.536585 0.06 0.053659
0 0.38 0.568293 0.053333 0.043902
0 0.06 0.446341 0.073333 0.04878
0 0.13 0.363415 0.053333 0.053659
0 0.31 0.517073 0.073333 0.058537
0 0.383333 0.495122 0.066667 0.043902
0 0.406667 0.47561 0.053333 0.04878
0 0.35 0.456098 0.08 0.043902
0 0.493333 0.409756 0.066667 0.058537
0 0.65 0.412195 0.086667 0.04878
0 0.653333 0.35122 0.08 0.04878
0 0.586667 0.339024 0.066667 0.04878
0 0.526667 0.334146 0.08 0.043902
0 0.493333 0.35122 0.08 0.043902
0 0.313333 0.363415 0.086667 0.04878
0 0.2 0.312195 0.08 0.043902
0 0.26 0.312195 0.08 0.043902
0 0.603333 0.280488 0.066667 0.063415
0 0.736667 0.22439 0.06 0.04878
0 0.96 0.2 0.06 0.043902
0 0.666667 0.117073 0.066667 0.04878
0 0.596667 0.014634 0.08 0.043902
0 0.42 0.236585 0.08 0.039024
0 0.413333 0.270732 0.08 0.039024
0 0.343333 0.212195 0.073333 0.04878
0 0.193333 0.265854 0.086667 0.043902
0 0.233333 0.229268 0.066667 0.04878
0 0.123333 0.241463 0.06 0.043902
0 0.17 0.182927 0.073333 0.053659
0 0.286667 0.156098 0.073333 0.04878
0 0.026667 0.217073 0.073333 0.043902
0 0.06 0.053659 0.08 0.039024
