0 0.99 0.892683 0.06 0.039024
0 0.563333 0.992683 0.073333 0.039024
0 0.29 0.982927 0.073333 0.053659
0 0.06 0.980488 0.06 0.039024
0 0.31 0.909756 0.06 0.04878
0 0.033333 0.895122 0.066667 0.039024
0 0.683333 0.707317 0.08 0.043902
0 0.043333 0.72439 0.073333 0.053659
0 0.166667 0.663415 0.08 0.04878
0 0.013333 0.656098 0.04 0.043902
0 0.073333 0.64878 0.053333 0.039024
0 0.04 0.592683 0.06 0.039024
0 0.476667 0.631707 0.073333 0.053659
0 0.446667 0.607317 0.06 0.04878
0 0.396667 0.578049 0.066667 0.043902
0 0.323333 0.543902 0.073333 0.068293
0 0.57 0.519512 0.073333 0.058537
0 0.04 0.426829 0.073333 0.04878
0 0.073333 0.460976 0.06 0.043902
0 0.39 0.497561 0.066667 0.043902
0 0.326667 0.446341 0.073333 0.04878
0 0.406667 0.463415 0.066667 0.04878
0 0.623333 0.42439 0.073333 0.053659
0 0.476667 0.390244 0.066667 0.04878
0 0.13 0.341463 0.06 0.058537
0 0.29 0.358537 0.093333 0.04878
0 0.963333 0.185366 0.066667 0.04878
0 0.623333 0.341463 0.08 0.04878
0 0.613333 0.302439 0.066667 0.053659
0 0.466667 0.336585 0.073333 0.043902
0 0.486667 0.317073 0.073333 0.039024
0 0.736667 0.239024 0.066667 0.04878
0 0.666667 0.117073 0.066667 0.04878
0 0.553333 0.019512 0.073333 0.043902
0 0.406667 0.268293 0.08 0.043902
0 0.403333 0.226829 0.086667 0.043902
0 0.353333 0.2 0.066667 0.04878
0 0.243333 0.292683 0.06 0.04878
0 0.163333 0.3 0.066667 0.043902
0 0.163333 0.256098 0.08 0.043902
0 0.226667 0.231707 0.066667 0.043902
0 0.17 0.197561 0.06 0.04878
0 0.27 0.15122 0.066667 0.04878
0 0.02 0.214634 0.06 0.039024
0 0.01 0.178049 0.046667 0.029268
0 0.013333 0.141463 0.053333 0.043902
0 0.05 0.036585 0.086667 0.034146
0 0.153333 0.012195 0.073333 0.034146
0 0.02 0.058537 0.066667 0.034146
