0 0.993333 0.9 0.053333 0.043902
0 0.586667 0.992683 0.086667 0.043902
0 0.043333 0.980488 0.066667 0.039024
0 0.303333 0.892683 0.06 0.04878
0 0.053333 0.892683 0.066667 0.043902
0 0.693333 0.712195 0.073333 0.04878
0 0.06 0.734146 0.073333 0.053659
0 0.143333 0.663415 0.08 0.04878
0 0.08 0.639024 0.053333 0.043902
0 0.013333 0.64878 0.046667 0.043902
0 0.06 0.585366 0.053333 0.039024
0 0.473333 0.626829 0.08 0.053659
0 0.44 0.609756 0.066667 0.04878
0 0.396667 0.57561 0.066667 0.04878
0 0.333333 0.578049 0.066667 0.068293
0 0.56 0.495122 0.06 0.058537
0 0.606667 0.441463 0.073333 0.053659
0 0.403333 0.497561 0.066667 0.04878
0 0.416667 0.44878 0.066667 0.053659
0 0.053333 0.47561 0.06 0.043902
0 0.3 0.431707 0.08 0.04878
0 0.026667 0.409756 0.073333 0.04878
0 0.463333 0.378049 0.066667 0.043902
0 0.603333 0.334146 0.086667 0.053659
0 0.736667 0.258537 0.066667 0.04878
0 0.963333 0.17561 0.066667 0.04878
0 0.133333 0.331707 0.066667 0.04878
0 0.263333 0.35122 0.086667 0.04878
0 0.446667 0.329268 0.08 0.039024
0 0.466667 0.307317 0.073333 0.039024
0 0.666667 0.117073 0.066667 0.04878
0 0.403333 0.268293 0.08 0.043902
0 0.39 0.219512 0.08 0.039024
0 0.36 0.187805 0.073333 0.04878
0 0.243333 0.278049 0.053333 0.039024
0 0.223333 0.241463 0.06 0.043902
0 0.133333 0.280488 0.06 0.043902
0 0.143333 0.253659 0.086667 0.039024
0 0.15 0.212195 0.073333 0.04878
0 0.26 0.156098 0.073333 0.043902
0 0.01 0.217073 0.06 0.043902
0 0.013333 0.136585 0.053333 0.043902
0 0.163333 0.017073 0.073333 0.04878
0 0.51 0.021951 0.08 0.043902
