0 0.993333 0.902439 0.06 0.04878
0 0.6 0.995122 0.086667 0.04878
0 0.03 0.97561 0.06 0.043902
0 0.06 0.895122 0.06 0.043902
0 0.303333 0.878049 0.06 0.043902
0 0.7 0.714634 0.073333 0.04878
0 0.076667 0.743902 0.073333 0.053659
0 0.116667 0.660976 0.073333 0.053659
0 0.013333 0.707317 0.053333 0.039024
0 0.013333 0.641463 0.06 0.039024
0 0.093333 0.62439 0.053333 0.039024
0 0.346667 0.612195 0.073333 0.063415
0 0.436667 0.617073 0.066667 0.053659
0 0.476667 0.614634 0.073333 0.053659
0 0.403333 0.580488 0.073333 0.04878
0 0.04 0.482927 0.046667 0.043902
0 0.416667 0.497561 0.066667 0.043902
0 0.56 0.473171 0.06 0.058537
0 0.59 0.460976 0.073333 0.053659
0 0.416667 0.431707 0.06 0.058537
0 0.283333 0.412195 0.08 0.04878
0 0.02 0.390244 0.066667 0.04878
0 0.613333 0.37561 0.066667 0.058537
0 0.583333 0.326829 0.086667 0.04878
0 0.74 0.290244 0.066667 0.053659
0 0.963333 0.160976 0.066667 0.058537
0 0.67 0.117073 0.066667 0.04878
0 0.45 0.368293 0.066667 0.043902
0 0.44 0.329268 0.08 0.039024
0 0.45 0.297561 0.073333 0.039024
0 0.236667 0.341463 0.08 0.043902
0 0.14 0.329268 0.073333 0.04878
0 0.393333 0.260976 0.08 0.043902
0 0.383333 0.212195 0.08 0.043902
0 0.373333 0.178049 0.073333 0.053659
0 0.243333 0.270732 0.066667 0.04878
0 0.213333 0.246341 0.066667 0.04878
0 0.11 0.268293 0.08 0.043902
0 0.12 0.24878 0.086667 0.039024
0 0.143333 0.219512 0.08 0.043902
0 0.243333 0.158537 0.08 0.04878
0 0.013333 0.22439 0.053333 0.04878
0 0.016667 0.136585 0.06 0.043902
0 0.466667 0.02439 0.08 0.039024
0 0.25 0.029268 0.06 0.04878
0 0.173333 0.026829 0.073333 0.053659
