0 0.616667 0.992683 0.08 0.053659
0 0.993333 0.912195 0.06 0.043902
0 0.3 0.863415 0.053333 0.053659
0 0.703333 0.719512 0.08 0.043902
0 0.056667 0.902439 0.06 0.043902
0 0.09 0.74878 0.073333 0.058537
0 0.023333 0.709756 0.06 0.039024
0 0.086667 0.656098 0.073333 0.043902
0 0.013333 0.639024 0.04 0.034146
0 0.086667 0.609756 0.046667 0.043902
0 0.09 0.570732 0.053333 0.039024
0 0.03 0.490244 0.046667 0.043902
0 0.356667 0.636585 0.066667 0.073171
0 0.423333 0.62439 0.073333 0.053659
0 0.47 0.597561 0.066667 0.053659
0 0.396667 0.582927 0.073333 0.04878
0 0.423333 0.502439 0.06 0.04878
0 0.576667 0.470732 0.073333 0.053659
0 0.54 0.443902 0.053333 0.04878
0 0.61 0.417073 0.066667 0.063415
0 0.74 0.319512 0.06 0.053659
0 0.26 0.395122 0.08 0.043902
0 0.416667 0.409756 0.066667 0.053659
0 0.613333 0.339024 0.06 0.053659
0 0.56 0.321951 0.086667 0.04878
0 0.433333 0.353659 0.086667 0.039024
0 0.44 0.331707 0.08 0.034146
0 0.443333 0.292683 0.08 0.043902
0 0.146667 0.329268 0.066667 0.04878
0 0.216667 0.329268 0.066667 0.043902
0 0.013333 0.37561 0.053333 0.04878
0 0.083333 0.270732 0.06 0.034146
0 0.083333 0.246341 0.066667 0.034146
0 0.116667 0.226829 0.073333 0.043902
0 0.21 0.253659 0.066667 0.04878
0 0.25 0.278049 0.066667 0.053659
0 0.223333 0.156098 0.073333 0.053659
0 0.376667 0.25122 0.073333 0.043902
0 0.37 0.212195 0.08 0.043902
0 0.386667 0.160976 0.073333 0.053659
0 0.673333 0.119512 0.066667 0.04878
0 0.966667 0.153659 0.06 0.053659
0 0.743333 0.046341 0.073333 0.053659
0 0.43 0.026829 0.073333 0.039024
0 0.256667 0.060976 0.053333 0.053659
0 0.186667 0.039024 0.073333 0.043902
0 0.023333 0.019512 0.04 0.039024
