0 0.626667 0.990244 0.093333 0.04878
0 0.706667 0.721951 0.066667 0.043902
0 0.286667 0.84878 0.053333 0.039024
0 0.053333 0.902439 0.06 0.053659
0 0.106667 0.756098 0.073333 0.053659
0 0.366667 0.673171 0.073333 0.058537
0 0.416667 0.636585 0.073333 0.058537
0 0.463333 0.582927 0.06 0.053659
0 0.396667 0.587805 0.073333 0.053659
0 0.033333 0.707317 0.053333 0.043902
0 0.01 0.634146 0.04 0.039024
0 0.063333 0.641463 0.08 0.043902
0 0.076667 0.595122 0.046667 0.039024
0 0.096667 0.568293 0.046667 0.039024
0 0.036667 0.495122 0.046667 0.043902
0 0.426667 0.502439 0.06 0.04878
0 0.733333 0.358537 0.06 0.053659
0 0.566667 0.480488 0.073333 0.053659
0 0.6 0.458537 0.06 0.058537
0 0.536667 0.42439 0.073333 0.058537
0 0.62 0.341463 0.053333 0.04878
0 0.526667 0.317073 0.086667 0.04878
0 0.406667 0.385366 0.06 0.053659
0 0.246667 0.387805 0.086667 0.043902
0 0.156667 0.339024 0.053333 0.04878
0 0.193333 0.312195 0.08 0.043902
0 0.243333 0.273171 0.046667 0.04878
0 0.203333 0.260976 0.06 0.053659
0 0.356667 0.243902 0.073333 0.039024
0 0.353333 0.217073 0.08 0.039024
0 0.426667 0.292683 0.08 0.039024
0 0.406667 0.343902 0.086667 0.034146
0 0.42 0.326829 0.08 0.034146
0 0.063333 0.273171 0.086667 0.039024
0 0.063333 0.24878 0.06 0.034146
0 0.086667 0.226829 0.073333 0.04878
0 0.21 0.158537 0.066667 0.04878
0 0.026667 0.095122 0.053333 0.043902
0 0.026667 0.026829 0.04 0.039024
0 0.2 0.056098 0.073333 0.053659
0 0.26 0.092683 0.06 0.053659
0 0.403333 0.141463 0.073333 0.053659
0 0.673333 0.12439 0.06 0.043902
0 0.733333 0.070732 0.066667 0.053659
0 0.97 0.146341 0.053333 0.053659
0 0.983333 0.034146 0.046667 0.043902
