0 0.99 0.917073 0.06 0.039024
0 0.653333 0.987805 0.073333 0.053659
0 0.05 0.912195 0.053333 0.053659
0 0.286667 0.839024 0.053333 0.043902
0 0.703333 0.726829 0.073333 0.043902
0 0.04 0.709756 0.06 0.043902
0 0.123333 0.765854 0.053333 0.058537
0 0.383333 0.709756 0.073333 0.063415
0 0.416667 0.653659 0.066667 0.058537
0 0.036667 0.626829 0.066667 0.04878
0 0.063333 0.582927 0.053333 0.043902
0 0.11 0.568293 0.053333 0.039024
0 0.046667 0.497561 0.053333 0.043902
0 0.4 0.585366 0.08 0.043902
0 0.453333 0.568293 0.06 0.053659
0 0.43 0.502439 0.06 0.043902
0 0.56 0.5 0.06 0.053659
0 0.596667 0.509756 0.06 0.04878
0 0.73 0.392683 0.06 0.053659
0 0.616667 0.341463 0.053333 0.043902
0 0.526667 0.397561 0.073333 0.053659
0 0.97 0.131707 0.06 0.04878
0 0.976667 0.034146 0.046667 0.043902
0 0.713333 0.1 0.066667 0.053659
0 0.68 0.12439 0.053333 0.043902
0 0.486667 0.312195 0.086667 0.04878
0 0.4 0.37561 0.06 0.043902
0 0.226667 0.378049 0.08 0.04878
0 0.156667 0.35122 0.053333 0.04878
0 0.38 0.343902 0.08 0.034146
0 0.39 0.321951 0.08 0.034146
0 0.406667 0.290244 0.073333 0.039024
0 0.353333 0.241463 0.08 0.043902
0 0.33 0.217073 0.08 0.034146
0 0.416667 0.129268 0.073333 0.053659
0 0.243333 0.270732 0.053333 0.053659
0 0.193333 0.278049 0.073333 0.043902
0 0.18 0.304878 0.08 0.04878
0 0.043333 0.27561 0.073333 0.043902
0 0.033333 0.236585 0.073333 0.043902
0 0.063333 0.221951 0.08 0.043902
0 0.043333 0.104878 0.073333 0.053659
0 0.03 0.039024 0.053333 0.043902
0 0.18 0.168293 0.08 0.04878
0 0.266667 0.117073 0.066667 0.058537
0 0.2 0.070732 0.073333 0.053659
0 0.39 0.026829 0.073333 0.043902
