0 0.986667 0.919512 0.06 0.043902
0 0.656667 0.985366 0.073333 0.04878
0 0.046667 0.919512 0.06 0.04878
0 0.283333 0.829268 0.06 0.04878
0 0.71 0.729268 0.073333 0.04878
0 0.133333 0.765854 0.066667 0.053659
0 0.403333 0.743902 0.066667 0.063415
0 0.426667 0.668293 0.06 0.058537
0 0.016667 0.639024 0.046667 0.039024
0 0.016667 0.609756 0.073333 0.034146
0 0.043333 0.570732 0.053333 0.043902
0 0.113333 0.565854 0.046667 0.039024
0 0.053333 0.502439 0.046667 0.039024
0 0.4 0.590244 0.073333 0.04878
0 0.446667 0.55122 0.066667 0.053659
0 0.433333 0.497561 0.06 0.043902
0 0.59 0.546341 0.06 0.058537
0 0.563333 0.517073 0.053333 0.058537
0 0.726667 0.421951 0.066667 0.04878
0 0.616667 0.339024 0.053333 0.04878
0 0.52 0.37561 0.06 0.058537
0 0.163333 0.373171 0.046667 0.053659
0 0.22 0.370732 0.073333 0.04878
0 0.38 0.365854 0.066667 0.039024
0 0.456667 0.307317 0.08 0.04878
0 0.353333 0.336585 0.08 0.039024
0 0.36 0.309756 0.08 0.029268
0 0.38 0.290244 0.073333 0.039024
0 0.976667 0.114634 0.066667 0.043902
0 0.963333 0.034146 0.066667 0.039024
0 0.693333 0.117073 0.073333 0.058537
0 0.346667 0.24878 0.08 0.043902
0 0.236667 0.265854 0.06 0.053659
0 0.183333 0.290244 0.066667 0.043902
0 0.14 0.290244 0.066667 0.043902
0 0.08 0.290244 0.06 0.043902
0 0.026667 0.287805 0.066667 0.043902
0 0.03 0.217073 0.073333 0.053659
0 0.153333 0.173171 0.073333 0.053659
0 0.073333 0.129268 0.073333 0.053659
0 0.026667 0.046341 0.06 0.04878
0 0.2 0.080488 0.073333 0.053659
0 0.256667 0.136585 0.066667 0.053659
0 0.43 0.117073 0.066667 0.04878
0 0.37 0.021951 0.08 0.04878
