0 0.973333 0.92439 0.06 0.043902
0 0.666667 0.982927 0.08 0.04878
0 0.993333 0.704878 0.06 0.04878
0 0.04 0.929268 0.053333 0.04878
0 0.01 0.831707 0.04 0.068293
0 0.263333 0.821951 0.06 0.04878
0 0.416667 0.778049 0.073333 0.068293
0 0.71 0.736585 0.086667 0.043902
0 0.146667 0.778049 0.053333 0.043902
0 0.12 0.743902 0.053333 0.039024
0 0.06 0.695122 0.066667 0.043902
0 0.44 0.690244 0.066667 0.063415
0 0.583333 0.595122 0.066667 0.058537
0 0.57 0.543902 0.066667 0.063415
0 0.406667 0.592683 0.086667 0.04878
0 0.02 0.641463 0.053333 0.039024
0 0.02 0.563415 0.053333 0.043902
0 0.12 0.570732 0.046667 0.043902
0 0.053333 0.509756 0.053333 0.039024
0 0.43 0.526829 0.066667 0.04878
0 0.43 0.490244 0.046667 0.039024
0 0.716667 0.45122 0.066667 0.053659
0 0.163333 0.392683 0.053333 0.053659
0 0.62 0.336585 0.06 0.04878
0 0.523333 0.353659 0.066667 0.053659
0 0.43 0.304878 0.086667 0.04878
0 0.356667 0.360976 0.073333 0.039024
0 0.21 0.353659 0.066667 0.04878
0 0.333333 0.339024 0.08 0.039024
0 0.343333 0.307317 0.086667 0.034146
0 0.356667 0.290244 0.073333 0.034146
0 0.346667 0.258537 0.08 0.039024
0 0.026667 0.295122 0.066667 0.043902
0 0.073333 0.295122 0.06 0.043902
0 0.123333 0.280488 0.066667 0.04878
0 0.166667 0.287805 0.066667 0.04878
0 0.22 0.246341 0.066667 0.043902
0 0.27 0.204878 0.073333 0.043902
0 0.02 0.204878 0.066667 0.04878
0 0.133333 0.17561 0.073333 0.043902
0 0.096667 0.158537 0.073333 0.043902
0 0.023333 0.053659 0.06 0.04878
0 0.213333 0.092683 0.066667 0.04878
0 0.233333 0.14878 0.066667 0.04878
0 0.45 0.121951 0.066667 0.04878
0 0.36 0.021951 0.08 0.053659
0 0.673333 0.12439 0.08 0.053659
0 0.98 0.1 0.066667 0.053659
0 0.946667 0.039024 0.066667 0.043902
