1 0.046875 0.14375 0.059375 0.066667
1 0.079688 0.314583 0.045313 0.079167
1 0.13125 0.285417 0.051563 0.052083
1 0.151563 0.39375 0.054688 0.070833
1 0.2 0.539583 0.0625 0.066667
1 0.125 0.745833 0.042188 0.08125
1 0.159375 0.777083 0.051563 0.06875
1 0.301563 0.795833 0.05 0.066667
1 0.4125 0.877083 0.042188 0.085417
1 0.340625 0.65 0.0625 0.054167
1 0.371875 0.716667 0.057813 0.075
1 0.309375 0.60625 0.075 0.06875
1 0.290625 0.5375 0.0625 0.05625
1 0.345313 0.472917 0.0625 0.06875
1 0.496875 0.66875 0.0625 0.060417
1 0.529688 0.883333 0.040625 0.079167
1 0.604688 0.85 0.045313 0.070833
1 0.65 0.804167 0.0625 0.066667
1 0.7625 0.810417 0.051563 0.060417
1 0.973438 0.841667 0.048438 0.075
1 0.851563 0.589583 0.042188 0.079167
1 0.845313 0.6625 0.039063 0.04375
1 0.979688 0.43125 0.039063 0.054167
1 0.785938 0.535417 0.082813 0.08125
1 0.55625 0.539583 0.067188 0.060417
1 0.423438 0.483333 0.05625 0.054167
1 0.33125 0.533333 0.0625 0.08125
1 0.364063 0.55625 0.0625 0.060417
1 0.38125 0.483333 0.075 0.070833
1 0.4625 0.5 0.0625 0.083333
1 0.623438 0.36875 0.048438 0.075
1 0.789063 0.26875 0.05 0.072917
1 0.88125 0.291667 0.057813 0.05625
1 0.971875 0.129167 0.054688 0.06875
1 0.59375 0.029167 0.048438 0.060417
