1 0.053125 0.133333 0.059375 0.060417
1 0.134375 0.177083 0.051563 0.058333
1 0.1875 0.15 0.045313 0.06875
1 0.170313 0.266667 0.070313 0.070833
1 0.103125 0.372917 0.0625 0.064583
1 0.301563 0.4125 0.057813 0.070833
1 0.367188 0.402083 0.045313 0.0875
1 0.18125 0.522917 0.064062 0.066667
1 0.164063 0.558333 0.057813 0.064583
1 0.221875 0.589583 0.054688 0.052083
1 0.159375 0.666667 0.0625 0.058333
1 0.270313 0.625 0.0375 0.089583
1 0.26875 0.670833 0.0625 0.05625
1 0.2375 0.647917 0.060938 0.070833
1 0.254688 0.70625 0.059375 0.0625
1 0.195313 0.852083 0.067188 0.06875
1 0.260938 0.8375 0.057813 0.047917
1 0.171875 0.970833 0.0625 0.0625
1 0.41875 0.8375 0.045313 0.0875
1 0.515625 0.95625 0.040625 0.06875
1 0.520312 0.827083 0.0625 0.05625
1 0.471875 0.791667 0.040625 0.05625
1 0.595313 0.71875 0.054688 0.075
1 0.528125 0.63125 0.05 0.06875
1 0.589063 0.6125 0.04375 0.05
1 0.460938 0.483333 0.057813 0.0625
1 0.532813 0.360417 0.045313 0.083333
1 0.625 0.841667 0.046875 0.064583
1 0.751563 0.9125 0.059375 0.072917
1 0.960938 0.972917 0.05625 0.072917
1 0.782813 0.7375 0.059375 0.06875
1 0.867188 0.64375 0.04375 0.060417
1 0.835938 0.4875 0.046875 0.083333
1 0.6625 0.210417 0.060938 0.06875
1 0.571875 0.066667 0.053125 0.06875
1 0.685938 0.135417 0.060938 0.05
1 0.779688 0.154167 0.054688 0.083333
1 0.792188 0.264583 0.04375 0.045833
1 0.795313 0.066667 0.054688 0.0625
1 0.820313 0.13125 0.045313 0.05625
1 0.5 0.420833 0.035938 0.045833
