1 0.023438 0.125 0.054688 0.083333
1 0.010938 0.164583 0.04375 0.058333
1 0.1 0.05625 0.051563 0.083333
1 0.145313 0.066667 0.04375 0.070833
1 0.290625 0.029167 0.048438 0.06875
1 0.4 0.28125 0.05 0.077083
1 0.2125 0.272917 0.053125 0.070833
1 0.029688 0.233333 0.0625 0.064583
1 0.039063 0.30625 0.060938 0.060417
1 0.0125 0.327083 0.039063 0.05
1 0.101563 0.445833 0.046875 0.054167
1 0.085938 0.475 0.05 0.035417
1 0.03125 0.514583 0.051563 0.064583
1 0.076563 0.535417 0.0625 0.058333
1 0.14375 0.554167 0.0625 0.0625
1 0.117188 0.664583 0.0625 0.054167
1 0.195313 0.691667 0.0625 0.052083
1 0.15625 0.658333 0.0625 0.052083
1 0.214063 0.683333 0.0625 0.058333
1 0.159375 0.852083 0.05 0.052083
1 0.167188 0.927083 0.0625 0.052083
1 0.43125 0.83125 0.04375 0.070833
1 0.290625 0.53125 0.04375 0.083333
1 0.36875 0.414583 0.053125 0.0625
1 0.5 0.422917 0.051563 0.072917
1 0.309375 0.904167 0.0625 0.060417
1 0.471875 0.877083 0.0625 0.052083
1 0.504687 0.914583 0.0625 0.0625
1 0.475 0.714583 0.042188 0.077083
1 0.634375 0.570833 0.0625 0.066667
1 0.692188 0.70625 0.042188 0.066667
1 0.690625 0.78125 0.082813 0.077083
1 0.734375 0.822917 0.071875 0.06875
1 0.815625 0.704167 0.0625 0.05
1 0.820313 0.654167 0.048438 0.066667
1 0.64375 0.341667 0.054688 0.079167
1 0.485938 0.1625 0.05625 0.075
1 0.475 0.029167 0.05625 0.060417
1 0.732813 0.083333 0.0625 0.083333
1 0.823438 0.308333 0.048438 0.08125
1 0.907813 0.260417 0.040625 0.05625
1 0.990625 0.220833 0.039063 0.045833
