1 0.017188 0.1375 0.05625 0.070833
1 0.109375 0.079167 0.0625 0.072917
1 0.132813 0.114583 0.040625 0.070833
1 0.18125 0.191667 0.05 0.075
1 0.254688 0.139583 0.078125 0.075
1 0.426563 0.19375 0.060938 0.06875
1 0.423438 0.2375 0.051563 0.077083
1 0.695313 0.066667 0.065625 0.083333
1 0.80625 0.197917 0.0625 0.083333
1 0.965625 0.310417 0.035938 0.054167
1 0.585938 0.366667 0.057813 0.066667
1 0.560938 0.439583 0.060938 0.079167
1 0.778125 0.475 0.040625 0.083333
1 0.64375 0.691667 0.070313 0.08125
1 0.696875 0.760417 0.057813 0.077083
1 0.753125 0.7625 0.048438 0.06875
1 0.871875 0.622917 0.04375 0.045833
1 0.985938 0.589583 0.059375 0.0375
1 0.6375 0.791667 0.0625 0.064583
1 0.464063 0.739583 0.042188 0.083333
1 0.45625 0.485417 0.057813 0.060417
1 0.470313 0.860417 0.045313 0.070833
1 0.385938 0.927083 0.048438 0.083333
1 0.435938 0.927083 0.039063 0.06875
1 0.159375 0.860417 0.0625 0.05
1 0.05625 0.722917 0.0625 0.047917
1 0.151563 0.704167 0.0625 0.072917
1 0.114063 0.635417 0.05625 0.066667
1 0.123438 0.920833 0.0625 0.041667
1 0.164063 0.970833 0.034375 0.095833
1 0.220313 0.96875 0.051563 0.0625
1 0.217188 0.59375 0.05 0.064583
1 0.28125 0.54375 0.045313 0.083333
1 0.09375 0.522917 0.0625 0.0625
1 0.185938 0.508333 0.054688 0.04375
1 0.33125 0.366667 0.051563 0.052083
1 0.960938 0.40625 0.05 0.039583
1 0.179688 0.389583 0.034375 0.047917
1 0.014063 0.295833 0.046875 0.058333
1 0.0125 0.45 0.042188 0.052083
1 0.439063 0.54375 0.039063 0.03125
1 0.446875 0.989583 0.0375 0.045833
1 0.476563 0.989583 0.05 0.035417
