1 0.015625 0.147917 0.051563 0.060417
1 0.051563 0.197917 0.0625 0.052083
1 0.267188 0.079167 0.060938 0.0625
1 0.39375 0.066667 0.071875 0.0625
1 0.592188 0.05 0.0625 0.083333
1 0.410938 0.370833 0.0625 0.072917
1 0.540625 0.379167 0.05 0.097917
1 0.31875 0.277083 0.035938 0.05625
1 0.290625 0.316667 0.048438 0.070833
1 0.260938 0.366667 0.067188 0.072917
1 0.175 0.55 0.048438 0.083333
1 0.067188 0.614583 0.039063 0.083333
1 0.107813 0.633333 0.035938 0.0625
1 0.221875 0.645833 0.054688 0.079167
1 0.040625 0.7375 0.057813 0.06875
1 0.334375 0.916667 0.048438 0.041667
1 0.325 0.75625 0.039063 0.0375
1 0.614063 0.670833 0.048438 0.077083
1 0.560938 0.625 0.040625 0.06875
1 0.98125 0.716667 0.046875 0.064583
1 0.734375 0.941667 0.0625 0.058333
1 0.726563 0.55 0.0625 0.0375
1 0.9875 0.270833 0.042188 0.0625
1 0.5 0.722917 0.03125 0.041667
1 0.36875 0.595833 0.034375 0.035417
