1 0.125 0.10625 0.04375 0.052083
1 0.00625 0.229167 0.04375 0.05625
1 0.059375 0.508333 0.039063 0.083333
1 0.135938 0.545833 0.04375 0.083333
1 0.110938 0.604167 0.034375 0.06875
1 0.06875 0.679167 0.078125 0.077083
1 0.01875 0.764583 0.04375 0.079167
1 0.173438 0.716667 0.053125 0.083333
1 0.142188 0.647917 0.042188 0.060417
1 0.245313 0.964583 0.048438 0.064583
1 0.290625 0.670833 0.04375 0.052083
1 0.351563 0.627083 0.040625 0.039583
1 0.198438 0.358333 0.0625 0.052083
1 0.282813 0.329167 0.0625 0.08125
1 0.370313 0.364583 0.05625 0.072917
1 0.33125 0.225 0.046875 0.06875
1 0.379688 0.054167 0.0625 0.064583
1 0.553125 0.035417 0.05625 0.083333
1 0.539063 0.264583 0.053125 0.083333
1 0.61875 0.608333 0.051563 0.0625
1 0.653125 0.566667 0.0625 0.047917
1 0.960938 0.735417 0.0625 0.060417
1 0.954688 0.245833 0.040625 0.06875
