1 0.184375 0.1 0.0625 0.05
1 0.514063 0.022917 0.0625 0.079167
1 0.542188 0.170833 0.05 0.095833
1 0.325 0.166667 0.048438 0.079167
1 0.310938 0.270833 0.034375 0.05625
1 0.159375 0.339583 0.0625 0.05625
1 0.01875 0.429167 0.045313 0.083333
1 0.1 0.475 0.039063 0.083333
1 0.103125 0.533333 0.040625 0.083333
1 0.1375 0.622917 0.05 0.066667
1 0.270313 0.533333 0.075 0.066667
1 0.275 0.366667 0.05625 0.066667
1 0.328125 0.354167 0.0625 0.070833
1 0.145313 0.78125 0.045313 0.091667
1 0.014063 0.822917 0.040625 0.064583
1 0.190625 0.966667 0.039063 0.083333
1 0.267188 0.58125 0.03125 0.05625
1 0.653125 0.527083 0.054688 0.05
1 0.667188 0.597917 0.028125 0.054167
1 0.925 0.783333 0.054688 0.060417
1 0.939063 0.225 0.042188 0.08125
