1 0.601563 0.033333 0.05625 0.08125
1 0.56875 0.104167 0.048438 0.08125
1 0.267188 0.13125 0.05 0.041667
1 0.325 0.110417 0.051563 0.083333
1 0.473438 0.358333 0.075 0.070833
1 0.935938 0.225 0.0375 0.077083
1 0.303125 0.3375 0.054688 0.083333
1 0.128125 0.339583 0.0625 0.047917
1 0.071875 0.408333 0.035938 0.079167
1 0.134375 0.46875 0.042188 0.083333
1 0.092188 0.514583 0.0375 0.08125
1 0.1375 0.647917 0.05 0.070833
1 0.275 0.522917 0.023438 0.058333
1 0.278125 0.4 0.05 0.075
1 0.34375 0.197917 0.040625 0.072917
1 0.698438 0.46875 0.0625 0.05625
1 0.025 0.8375 0.0375 0.083333
1 0.125 0.827083 0.046875 0.083333
1 0.179688 0.939583 0.045313 0.083333
1 0.720313 0.6125 0.0375 0.06875
1 0.878125 0.808333 0.039063 0.083333
1 0.484375 0.85625 0.0625 0.0625
