1 0.31875 0.052083 0.0625 0.083333
1 0.382813 0.160417 0.078125 0.064583
1 0.589063 0.05625 0.05625 0.075
1 0.553125 0.177083 0.060938 0.083333
1 0.679688 0.1625 0.073438 0.060417
1 0.954688 0.229167 0.05625 0.05625
1 0.714063 0.10625 0.032813 0.04375
1 0.7875 0.45 0.0625 0.054167
1 0.065625 0.15625 0.051563 0.054167
1 0.282813 0.325 0.057813 0.083333
1 0.29375 0.464583 0.051563 0.075
1 0.326563 0.485417 0.0375 0.05
1 0.1125 0.379167 0.0375 0.083333
1 0.1625 0.45625 0.04375 0.083333
1 0.101563 0.502083 0.05 0.077083
1 0.754688 0.65 0.042188 0.075
1 0.860938 0.822917 0.0375 0.08125
1 0.614063 0.833333 0.064062 0.047917
1 0.196875 0.9375 0.046875 0.075
1 0.110938 0.852083 0.040625 0.08125
1 0.08125 0.879167 0.0375 0.060417
1 0.107813 0.69375 0.040625 0.066667
