1 0.107813 0.04375 0.0625 0.052083
1 0.1375 0.122917 0.046875 0.077083
1 0.301563 0.016667 0.0625 0.083333
1 0.390625 0.016667 0.0625 0.077083
1 0.601563 0.0375 0.053125 0.08125
1 0.46875 0.091667 0.045313 0.058333
1 0.589063 0.10625 0.045313 0.054167
1 0.489063 0.204167 0.05625 0.05
1 0.5125 0.320833 0.05 0.083333
1 0.696875 0.229167 0.045313 0.058333
1 0.8 0.675 0.042188 0.072917
1 0.867188 0.835417 0.034375 0.070833
1 0.8625 0.966667 0.0375 0.075
1 0.267188 0.314583 0.0625 0.066667
1 0.296875 0.514583 0.0625 0.06875
1 0.184375 0.422917 0.039063 0.079167
1 0.140625 0.372917 0.046875 0.052083
1 0.109375 0.4875 0.059375 0.075
1 0.065625 0.69375 0.042188 0.08125
1 0.092188 0.875 0.05 0.091667
1 0.153125 0.875 0.046875 0.06875
1 0.2125 0.941667 0.067188 0.06875
1 0.014063 0.983333 0.032813 0.05
1 0.425 0.779167 0.048438 0.083333
1 0.7375 0.854167 0.051563 0.047917
1 0.409375 0.460417 0.032813 0.047917
