1 0.028125 0.025 0.053125 0.077083
1 0.2125 0.054167 0.039063 0.08125
1 0.260938 0.03125 0.05625 0.05625
1 0.353125 0.05 0.054688 0.083333
1 0.278125 0.014583 0.048438 0.077083
1 0.5625 0.05 0.042188 0.047917
1 0.626563 0.025 0.04375 0.083333
1 0.739063 0.035417 0.051563 0.083333
1 0.945313 0.122917 0.0625 0.079167
1 0.667188 0.197917 0.034375 0.054167
1 0.614063 0.264583 0.057813 0.0375
1 0.665625 0.335417 0.048438 0.072917
1 0.501563 0.441667 0.045313 0.045833
1 0.4625 0.46875 0.054688 0.070833
1 0.251563 0.341667 0.0625 0.077083
1 0.203125 0.385417 0.045313 0.08125
1 0.140625 0.379167 0.0625 0.064583
1 0.117188 0.470833 0.053125 0.083333
1 0.290625 0.552083 0.053125 0.077083
1 0.035938 0.675 0.04375 0.083333
1 0.084375 0.89375 0.046875 0.083333
1 0.201563 0.964583 0.070313 0.047917
1 0.21875 0.854167 0.042188 0.083333
1 0.892188 0.841667 0.03125 0.079167
1 0.895313 0.925 0.034375 0.070833
1 0.8625 0.7125 0.045313 0.05625
