1 0.323438 0.077083 0.054688 0.083333
1 0.239063 0.360417 0.0625 0.095833
1 0.1125 0.4 0.054688 0.05625
1 0.126563 0.460417 0.054688 0.077083
1 0.023438 0.658333 0.0375 0.083333
1 0.285938 0.572917 0.053125 0.079167
1 0.270313 0.839583 0.053125 0.077083
1 0.0875 0.916667 0.054688 0.083333
1 0.41875 0.6125 0.054688 0.070833
1 0.4375 0.589583 0.060938 0.0625
1 0.614063 0.422917 0.0625 0.047917
1 0.890625 0.914583 0.053125 0.0625
1 0.975 0.83125 0.05625 0.070833
1 0.954688 0.739583 0.05 0.079167
1 0.91875 0.8375 0.045313 0.075
1 0.948438 0.297917 0.060938 0.083333
1 0.854688 0.15625 0.0625 0.083333
1 0.696875 0.104167 0.054688 0.083333
1 0.664063 0.016667 0.040625 0.077083
1 0.740625 0.016667 0.054688 0.045833
