1 0.295313 0.09375 0.05625 0.083333
1 0.214063 0.370833 0.0625 0.083333
1 0.292188 0.329167 0.04375 0.083333
1 0.079688 0.227083 0.0375 0.05
1 0.126563 0.445833 0.0625 0.070833
1 0.075 0.447917 0.059375 0.047917
1 0.010938 0.639583 0.04375 0.06875
1 0.034375 0.645833 0.0375 0.06875
1 0.098438 0.925 0.051563 0.089583
1 0.2875 0.579167 0.0375 0.083333
1 0.304688 0.845833 0.048438 0.05625
1 0.371875 0.7625 0.064062 0.083333
1 0.421875 0.46875 0.0625 0.066667
1 0.63125 0.502083 0.057813 0.072917
1 0.725 0.389583 0.051563 0.047917
1 0.796875 0.391667 0.054688 0.08125
1 0.84375 0.7625 0.0625 0.06875
1 0.86875 0.804167 0.053125 0.06875
1 0.939063 0.864583 0.054688 0.075
1 0.959375 0.829167 0.0625 0.041667
1 0.903125 0.4 0.0625 0.04375
1 0.9 0.2375 0.0625 0.079167
1 0.934375 0.1875 0.05 0.066667
1 0.76875 0.23125 0.05625 0.047917
1 0.657813 0.166667 0.053125 0.083333
1 0.826563 0.091667 0.04375 0.060417
1 0.698438 0.022917 0.048438 0.077083
