1 0.271875 0.110417 0.060938 0.083333
1 0.1125 0.2125 0.039063 0.083333
1 0.05625 0.225 0.0625 0.072917
1 0.115625 0.4375 0.070313 0.072917
1 0.196875 0.38125 0.0625 0.083333
1 0.035938 0.495833 0.054688 0.052083
1 0.071875 0.60625 0.0375 0.083333
1 0.023438 0.61875 0.048438 0.066667
1 0.026563 0.716667 0.045313 0.054167
1 0.029688 0.664583 0.051563 0.075
1 0.3 0.583333 0.040625 0.075
1 0.11875 0.929167 0.048438 0.083333
1 0.334375 0.9 0.051563 0.083333
1 0.31875 0.8375 0.05 0.077083
1 0.710938 0.88125 0.045313 0.079167
1 0.9 0.8875 0.054688 0.072917
1 0.803125 0.641667 0.0625 0.079167
1 0.835938 0.685417 0.060938 0.052083
1 0.832813 0.502083 0.0625 0.066667
1 0.81875 0.35 0.05625 0.05
1 0.671875 0.308333 0.0625 0.070833
1 0.617188 0.220833 0.05 0.083333
1 0.85 0.1875 0.0625 0.066667
1 0.854688 0.247917 0.032813 0.0625
1 0.934375 0.416667 0.054688 0.05
1 0.728125 0.027083 0.057813 0.083333
1 0.8875 0.141667 0.04375 0.05
1 0.354688 0.358333 0.04375 0.047917
