1 0.25 0.11875 0.05 0.083333
1 0.182813 0.135417 0.048438 0.075
1 0.167188 0.397917 0.071875 0.1
1 0.095313 0.429167 0.0625 0.079167
1 0.014063 0.591667 0.034375 0.083333
1 0.045313 0.70625 0.060938 0.083333
1 0.1125 0.552083 0.03125 0.075
1 0.321875 0.58125 0.040625 0.0625
1 0.1375 0.95 0.042188 0.083333
1 0.33125 0.885417 0.059375 0.070833
1 0.429688 0.341667 0.046875 0.072917
1 0.570313 0.258333 0.05 0.083333
1 0.578125 0.3875 0.060938 0.083333
1 0.728125 0.5375 0.060938 0.066667
1 0.784375 0.535417 0.0625 0.06875
1 0.845313 0.5875 0.0625 0.064583
1 0.7375 0.760417 0.04375 0.05
1 0.85625 0.916667 0.053125 0.079167
1 0.928125 0.825 0.039063 0.06875
1 0.923438 0.31875 0.046875 0.070833
1 0.804688 0.29375 0.034375 0.064583
1 0.809375 0.14375 0.057813 0.083333
1 0.921875 0.135417 0.0625 0.058333
1 0.957813 0.152083 0.051563 0.047917
1 0.745313 0.03125 0.05625 0.077083
