1 0.310938 0.0375 0.054688 0.060417
1 0.226563 0.064583 0.053125 0.05
1 0.25 0.114583 0.053125 0.083333
1 0.065625 0.422917 0.0625 0.066667
1 0.157813 0.414583 0.060938 0.054167
1 0.178125 0.458333 0.059375 0.04375
1 0.145313 0.491667 0.034375 0.083333
1 0.028125 0.5625 0.0375 0.083333
1 0.146875 0.604167 0.035938 0.047917
1 0.046875 0.733333 0.060938 0.08125
1 0.14375 0.972917 0.046875 0.079167
1 0.329688 0.91875 0.059375 0.077083
1 0.34375 0.597917 0.04375 0.075
1 0.5 0.470833 0.0625 0.083333
1 0.5 0.33125 0.045313 0.075
1 0.525 0.28125 0.051563 0.08125
1 0.609375 0.44375 0.070313 0.054167
1 0.579688 0.614583 0.057813 0.070833
1 0.765625 0.616667 0.05 0.083333
1 0.828125 0.683333 0.0625 0.06875
1 0.810938 0.9375 0.059375 0.072917
1 0.71875 0.385417 0.0625 0.06875
1 0.773438 0.31875 0.048438 0.077083
1 0.967188 0.347917 0.05625 0.066667
1 0.78125 0.1125 0.067188 0.095833
1 0.7375 0.01875 0.051563 0.066667
1 0.832813 0.197917 0.051563 0.060417
