1 0.059375 0.129167 0.060938 0.072917
1 0.115625 0.127083 0.057813 0.075
1 0.132813 0.235417 0.046875 0.08125
1 0.14375 0.285417 0.053125 0.064583
1 0.15 0.38125 0.045313 0.05625
1 0.15 0.45625 0.0625 0.064583
1 0.160938 0.720833 0.05625 0.075
1 0.079688 0.975 0.0625 0.08125
1 0.195313 0.933333 0.059375 0.070833
1 0.298438 0.820833 0.053125 0.058333
1 0.220313 0.69375 0.040625 0.072917
1 0.304688 0.710417 0.053125 0.077083
1 0.304688 0.6625 0.060938 0.0625
1 0.270313 0.552083 0.05625 0.058333
1 0.265625 0.508333 0.057813 0.064583
1 0.348438 0.447917 0.057813 0.054167
1 0.348438 0.485417 0.048438 0.064583
1 0.421875 0.570833 0.05625 0.08125
1 0.4625 0.727083 0.045313 0.070833
1 0.425 0.858333 0.04375 0.083333
1 0.465625 0.94375 0.040625 0.06875
1 0.515625 0.979167 0.042188 0.070833
1 0.6 0.808333 0.0625 0.05625
1 0.6125 0.84375 0.05 0.058333
1 0.792188 0.964583 0.05625 0.066667
1 0.79375 0.783333 0.04375 0.052083
1 0.989063 0.852083 0.046875 0.075
1 0.85625 0.641667 0.040625 0.05
1 0.8375 0.55 0.040625 0.079167
1 0.679688 0.633333 0.060938 0.070833
1 0.68125 0.564583 0.057813 0.0625
1 0.504687 0.527083 0.0625 0.0625
1 0.523438 0.408333 0.076563 0.060417
1 0.520312 0.35 0.054688 0.070833
1 0.5625 0.352083 0.040625 0.083333
1 0.61875 0.385417 0.070313 0.083333
1 0.789063 0.208333 0.053125 0.083333
1 0.875 0.197917 0.059375 0.066667
1 0.78125 0.05 0.034375 0.0625
1 0.589063 0.035417 0.046875 0.060417
