1 0.11875 0.029167 0.042188 0.064583
1 0.142188 0.070833 0.048438 0.064583
1 0.234375 0.083333 0.05625 0.083333
1 0.328125 0.04375 0.042188 0.047917
1 0.040625 0.170833 0.0625 0.060417
1 0.060938 0.316667 0.0625 0.070833
1 0.245313 0.335417 0.0625 0.0625
1 0.3875 0.33125 0.05 0.079167
1 0.414063 0.454167 0.051563 0.054167
1 0.517188 0.383333 0.048438 0.083333
1 0.535938 0.116667 0.054688 0.06875
1 0.579688 0.08125 0.054688 0.060417
1 0.7625 0.108333 0.059375 0.0875
1 0.823438 0.05 0.0625 0.070833
1 0.89375 0.147917 0.05625 0.060417
1 0.8625 0.2 0.039063 0.058333
1 0.70625 0.302083 0.054688 0.08125
1 0.832813 0.402083 0.051563 0.083333
1 0.0125 0.11875 0.048438 0.060417
1 0.101563 0.529167 0.05 0.08125
1 0.0625 0.535417 0.040625 0.06875
1 0.132813 0.60625 0.0625 0.0625
1 0.179688 0.595833 0.053125 0.075
1 0.292188 0.560417 0.042188 0.083333
1 0.226563 0.677083 0.0625 0.0625
1 0.207813 0.689583 0.054688 0.064583
1 0.203125 0.775 0.0625 0.064583
1 0.20625 0.852083 0.035938 0.054167
1 0.210938 0.954167 0.057813 0.058333
1 0.415625 0.825 0.048438 0.083333
1 0.495313 0.841667 0.045313 0.05625
1 0.525 0.929167 0.045313 0.066667
1 0.521875 0.8 0.060938 0.066667
1 0.514063 0.6625 0.048438 0.047917
1 0.623438 0.672917 0.053125 0.070833
1 0.715625 0.677083 0.0625 0.083333
1 0.729688 0.854167 0.070313 0.08125
1 0.667188 0.83125 0.04375 0.045833
1 0.851563 0.829167 0.0625 0.060417
1 0.892188 0.827083 0.051563 0.06875
1 0.915625 0.639583 0.0625 0.05625
