1 0.007813 0.095833 0.046875 0.05
1 0.007813 0.189583 0.034375 0.077083
1 0.1125 0.0625 0.05 0.064583
1 0.128125 0.089583 0.053125 0.066667
1 0.11875 0.152083 0.046875 0.060417
1 0.159375 0.122917 0.048438 0.0625
1 0.2375 0.352083 0.035938 0.054167
1 0.303125 0.33125 0.057813 0.054167
1 0.36875 0.235417 0.053125 0.08125
1 0.442188 0.185417 0.0625 0.075
1 0.507813 0.29375 0.060938 0.083333
1 0.528125 0.383333 0.059375 0.064583
1 0.665625 0.05625 0.057813 0.079167
1 0.798438 0.0875 0.054688 0.08125
1 0.75625 0.28125 0.045313 0.070833
1 0.8875 0.475 0.053125 0.039583
1 0.840625 0.58125 0.053125 0.05
1 0.773438 0.808333 0.060938 0.060417
1 0.648438 0.722917 0.039063 0.039583
1 0.995313 0.710417 0.034375 0.072917
1 0.584375 0.583333 0.060938 0.083333
1 0.475 0.714583 0.042188 0.083333
1 0.554688 0.789583 0.0625 0.083333
1 0.529688 0.897917 0.045313 0.083333
1 0.346875 0.954167 0.048438 0.083333
1 0.215625 0.891667 0.0625 0.054167
1 0.065625 0.929167 0.0625 0.041667
1 0.014063 0.804167 0.045313 0.070833
1 0.128125 0.733333 0.04375 0.058333
1 0.079688 0.616667 0.045313 0.060417
1 0.026563 0.516667 0.0625 0.070833
1 0.229688 0.50625 0.060938 0.05625
1 0.264063 0.55 0.053125 0.072917
1 0.29375 0.5375 0.0625 0.039583
1 0.378125 0.55 0.059375 0.064583
