1 0.157813 0.05625 0.059375 0.060417
1 0.070313 0.125 0.042188 0.06875
1 0.040625 0.175 0.046875 0.05625
1 0.095313 0.18125 0.060938 0.054167
1 0.1875 0.0875 0.057813 0.066667
1 0.429688 0.125 0.0625 0.05625
1 0.473438 0.15 0.0625 0.08125
1 0.629688 0.054167 0.060938 0.0875
1 0.75625 0.10625 0.045313 0.047917
1 0.31875 0.272917 0.05 0.08125
1 0.289063 0.325 0.051563 0.075
1 0.248438 0.427083 0.05 0.052083
1 0.465625 0.383333 0.0625 0.070833
1 0.554688 0.48125 0.053125 0.097917
1 0.223438 0.55625 0.051563 0.077083
1 0.08125 0.616667 0.03125 0.052083
1 0.007813 0.63125 0.032813 0.083333
1 0.079688 0.733333 0.0625 0.070833
1 0.292188 0.597917 0.0625 0.077083
1 0.398438 0.59375 0.045313 0.077083
1 0.025 0.933333 0.053125 0.054167
1 0.29375 0.94375 0.04375 0.060417
1 0.596875 0.941667 0.040625 0.083333
1 0.7625 0.872917 0.060938 0.05625
1 0.61875 0.708333 0.039063 0.072917
1 0.514063 0.658333 0.040625 0.079167
1 0.990625 0.70625 0.042188 0.079167
