1 0.154688 0.041667 0.05 0.06875
1 0.15625 0.18125 0.040625 0.066667
1 0.153125 0.214583 0.0625 0.052083
1 0.139063 0.28125 0.059375 0.060417
1 0.167188 0.34375 0.060938 0.072917
1 0.021875 0.31875 0.060938 0.077083
1 0.020313 0.629167 0.057813 0.06875
1 0.13125 0.833333 0.039063 0.05625
1 0.25625 0.93125 0.060938 0.047917
1 0.328125 0.972917 0.0625 0.058333
1 0.182813 0.627083 0.045313 0.08125
1 0.348438 0.672917 0.040625 0.070833
1 0.528125 0.652083 0.057813 0.083333
1 0.81875 0.683333 0.0625 0.0625
1 0.834375 0.85625 0.057813 0.066667
1 0.910938 0.847917 0.054688 0.058333
1 0.595313 0.33125 0.054688 0.0625
1 0.66875 0.285417 0.039063 0.066667
1 0.707813 0.36875 0.05625 0.05
1 0.726563 0.3 0.04375 0.079167
1 0.873438 0.322917 0.040625 0.05625
1 0.509375 0.05 0.032813 0.052083
1 0.495313 0.1 0.035938 0.05625
1 0.6 0.13125 0.039063 0.079167
1 0.689063 0.077083 0.029688 0.052083
1 0.626563 0.08125 0.0625 0.05
1 0.570313 0.185417 0.034375 0.083333
1 0.490625 0.525 0.051563 0.083333
