1 0.190625 0.05625 0.05 0.083333
1 0.148438 0.166667 0.042188 0.083333
1 0.051563 0.295833 0.060938 0.066667
1 0.107813 0.358333 0.057813 0.08125
1 0.123438 0.208333 0.057813 0.054167
1 0.264063 0.595833 0.0625 0.079167
1 0.01875 0.63125 0.048438 0.083333
1 0.15 0.839583 0.039063 0.075
1 0.328125 0.6875 0.0375 0.064583
1 0.5125 0.683333 0.0625 0.08125
1 0.467188 0.575 0.040625 0.08125
1 0.545313 0.597917 0.0375 0.075
1 0.50625 0.1375 0.035938 0.05
1 0.59375 0.125 0.040625 0.083333
1 0.565625 0.11875 0.034375 0.029167
1 0.653125 0.21875 0.032813 0.052083
1 0.720313 0.077083 0.028125 0.052083
1 0.701563 0.195833 0.035938 0.089583
1 0.682813 0.370833 0.045313 0.0625
1 0.965625 0.39375 0.0625 0.064583
1 0.896875 0.3875 0.042188 0.041667
1 0.56875 0.4 0.046875 0.066667
1 0.432813 0.366667 0.05 0.083333
1 0.785938 0.720833 0.0375 0.06875
1 0.432813 0.952083 0.0625 0.052083
