1 0.23125 0.077083 0.046875 0.083333
1 0.132813 0.158333 0.051563 0.083333
1 0.073438 0.2 0.0625 0.070833
1 0.060938 0.372917 0.059375 0.066667
1 0.060938 0.679167 0.040625 0.083333
1 0.195313 0.860417 0.060938 0.0625
1 0.325 0.70625 0.039063 0.058333
1 0.33125 0.560417 0.039063 0.079167
1 0.392188 0.597917 0.0625 0.058333
1 0.439063 0.647917 0.045313 0.052083
1 0.490625 0.702083 0.053125 0.075
1 0.571875 0.672917 0.034375 0.064583
1 0.567188 0.945833 0.060938 0.066667
1 0.61875 0.952083 0.0625 0.047917
1 0.451563 0.441667 0.040625 0.058333
1 0.534375 0.46875 0.059375 0.0625
1 0.767188 0.764583 0.0375 0.058333
1 0.9625 0.96875 0.0625 0.045833
1 0.93125 0.4375 0.060938 0.075
1 0.7125 0.4875 0.042188 0.060417
1 0.704688 0.122917 0.042188 0.083333
1 0.721875 0.064583 0.039063 0.054167
1 0.50625 0.160417 0.0625 0.041667
1 0.525 0.239583 0.032813 0.05625
1 0.704688 0.327083 0.039063 0.047917
1 0.692188 0.202083 0.05 0.075
