1 0.257813 0.083333 0.060938 0.072917
1 0.107813 0.197917 0.0625 0.083333
1 0.015625 0.202083 0.0625 0.05625
1 0.0125 0.404167 0.0625 0.066667
1 0.060938 0.6875 0.0625 0.058333
1 0.1 0.7125 0.053125 0.077083
1 0.271875 0.879167 0.0625 0.066667
1 0.339063 0.720833 0.035938 0.070833
1 0.40625 0.722917 0.04375 0.066667
1 0.459375 0.714583 0.0625 0.083333
1 0.376563 0.491667 0.048438 0.083333
1 0.490625 0.525 0.0625 0.060417
1 0.532813 0.616667 0.0625 0.064583
1 0.592188 0.73125 0.039063 0.070833
1 0.557813 0.347917 0.032813 0.052083
1 0.425 0.208333 0.0625 0.0375
1 0.692188 0.035417 0.039063 0.04375
1 0.739063 0.079167 0.045313 0.083333
1 0.745313 0.439583 0.040625 0.047917
1 0.7375 0.620833 0.039063 0.06875
1 0.885938 0.475 0.053125 0.083333
1 0.940625 0.483333 0.046875 0.066667
1 0.7625 0.808333 0.04375 0.066667
