1 0.265625 0.095833 0.060938 0.079167
1 0.0875 0.235417 0.0625 0.083333
1 0.115625 0.739583 0.0625 0.079167
1 0.03125 0.835417 0.0625 0.070833
1 0.189063 0.627083 0.0625 0.066667
1 0.298438 0.522917 0.05625 0.08125
1 0.396875 0.464583 0.040625 0.077083
1 0.4375 0.572917 0.0625 0.054167
1 0.359375 0.722917 0.042188 0.08125
1 0.435938 0.714583 0.048438 0.083333
1 0.2875 0.872917 0.045313 0.083333
1 0.384375 0.791667 0.034375 0.05625
1 0.35625 0.889583 0.0625 0.064583
1 0.596875 0.78125 0.051563 0.1
1 0.760938 0.875 0.053125 0.060417
1 0.754688 0.75 0.042188 0.064583
1 0.790625 0.529167 0.039063 0.08125
1 0.917188 0.535417 0.045313 0.066667
1 0.8375 0.475 0.042188 0.091667
1 0.610938 0.483333 0.03125 0.041667
1 0.01875 0.629167 0.051563 0.041667
1 0.671875 0.025 0.0625 0.05
1 0.784375 0.025 0.039063 0.064583
