1 0.614063 0.060417 0.060938 0.075
1 0.271875 0.13125 0.0625 0.083333
1 0.057813 0.239583 0.0625 0.083333
1 0.410938 0.45 0.035938 0.072917
1 0.232813 0.558333 0.051563 0.079167
1 0.10625 0.597917 0.0625 0.05
1 0.117188 0.76875 0.05625 0.064583
1 0.085938 0.854167 0.0625 0.064583
1 0.30625 0.760417 0.040625 0.077083
1 0.385938 0.729167 0.0375 0.070833
1 0.429688 0.739583 0.046875 0.083333
1 0.307813 0.570833 0.048438 0.054167
1 0.114063 0.708333 0.0625 0.045833
1 0.371875 0.622917 0.0625 0.045833
1 0.471875 0.88125 0.0625 0.047917
1 0.378125 0.85 0.035938 0.05625
1 0.664063 0.645833 0.04375 0.1125
1 0.792188 0.46875 0.046875 0.102083
1 0.632813 0.770833 0.034375 0.066667
1 0.821875 0.58125 0.032813 0.05
1 0.9875 0.247917 0.04375 0.054167
1 0.754688 0.86875 0.042188 0.054167
