1 0.029688 0.23125 0.0625 0.083333
1 0.276563 0.147917 0.0625 0.083333
1 0.551563 0.108333 0.0625 0.083333
1 0.804688 0.102083 0.0625 0.064583
1 0.896875 0.0375 0.046875 0.058333
1 0.967188 0.291667 0.05 0.075
1 0.74375 0.48125 0.048438 0.083333
1 0.721875 0.529167 0.034375 0.083333
1 0.426563 0.45 0.0375 0.08125
1 0.404688 0.516667 0.053125 0.054167
1 0.182813 0.572917 0.057813 0.072917
1 0.229688 0.58125 0.05 0.047917
1 0.303125 0.66875 0.05625 0.077083
1 0.414063 0.722917 0.034375 0.075
1 0.209375 0.770833 0.053125 0.052083
1 0.104688 0.802083 0.051563 0.06875
1 0.157813 0.864583 0.054688 0.077083
1 0.376563 0.904167 0.0375 0.08125
1 0.440625 0.791667 0.046875 0.08125
1 0.676563 0.7125 0.051563 0.05
1 0.675 0.78125 0.039063 0.077083
1 0.59375 0.88125 0.053125 0.052083
1 0.823438 0.61875 0.039063 0.05625
1 0.773438 0.6375 0.0625 0.047917
1 0.917188 0.63125 0.046875 0.072917
