1 0.045313 0.204167 0.045313 0.072917
1 0.284375 0.160417 0.057813 0.08125
1 0.495313 0.164583 0.057813 0.08125
1 0.535938 0.158333 0.051563 0.064583
1 0.557813 0.054167 0.05625 0.0625
1 0.770313 0.070833 0.0625 0.066667
1 0.776563 0.404167 0.039063 0.083333
1 0.93125 0.147917 0.046875 0.058333
1 0.932813 0.329167 0.05 0.060417
1 0.964063 0.397917 0.051563 0.060417
1 0.689063 0.55625 0.057813 0.079167
1 0.44375 0.460417 0.046875 0.070833
1 0.492188 0.4625 0.053125 0.0625
1 0.792188 0.639583 0.048438 0.060417
1 0.660938 0.795833 0.0625 0.052083
1 0.723438 0.8125 0.040625 0.06875
1 0.984375 0.620833 0.051563 0.058333
1 0.923438 0.9625 0.053125 0.066667
1 0.446875 0.7125 0.035938 0.066667
1 0.459375 0.829167 0.05 0.083333
1 0.265625 0.622917 0.0625 0.0625
1 0.146875 0.579167 0.060938 0.083333
1 0.370313 0.958333 0.048438 0.05625
1 0.232813 0.864583 0.05625 0.08125
1 0.075 0.8375 0.060938 0.05625
1 0.257813 0.725 0.05625 0.047917
1 0.325 0.833333 0.0625 0.045833
1 0.295313 0.808333 0.05 0.041667
1 0.332813 0.566667 0.04375 0.045833
1 0.954688 0.258333 0.042188 0.06875
1 0.671875 0.66875 0.0625 0.047917
