1 0.08125 0.145833 0.04375 0.079167
1 0.289063 0.179167 0.0625 0.05625
1 0.435938 0.202083 0.05625 0.079167
1 0.501563 0.197917 0.05 0.102083
1 0.571875 0.43125 0.04375 0.070833
1 0.45 0.470833 0.05 0.077083
1 0.873438 0.1125 0.057813 0.072917
1 0.81875 0.3125 0.042188 0.072917
1 0.898438 0.364583 0.0375 0.072917
1 0.940625 0.2625 0.05625 0.05625
1 0.907813 0.43125 0.051563 0.045833
1 0.95625 0.508333 0.0625 0.060417
1 0.382813 0.327083 0.03125 0.058333
1 0.420313 0.55625 0.04375 0.041667
1 0.1125 0.558333 0.054688 0.08125
1 0.201563 0.620833 0.0625 0.052083
1 0.226563 0.785417 0.046875 0.05625
1 0.017188 0.864583 0.054688 0.0625
1 0.321875 0.8625 0.084375 0.085417
1 0.46875 0.8875 0.0625 0.083333
1 0.492188 0.820833 0.0625 0.05
1 0.479688 0.70625 0.042188 0.0625
1 0.646875 0.866667 0.0625 0.083333
1 0.560938 0.7 0.0625 0.0625
1 0.621875 0.633333 0.05 0.083333
1 0.745313 0.639583 0.053125 0.075
1 0.851563 0.9625 0.040625 0.08125
1 0.779688 0.847917 0.046875 0.083333
1 0.935938 0.9625 0.0625 0.058333
1 0.967188 0.89375 0.048438 0.079167
