1 0.107813 0.052083 0.046875 0.083333
1 0.2625 0.060417 0.040625 0.070833
1 0.298438 0.214583 0.046875 0.083333
1 0.38125 0.245833 0.054688 0.083333
1 0.073438 0.516667 0.060938 0.083333
1 0.121875 0.620833 0.054688 0.083333
1 0.425 0.50625 0.054688 0.083333
1 0.484375 0.241667 0.045313 0.083333
1 0.432813 0.277083 0.057813 0.052083
1 0.36875 0.452083 0.032813 0.083333
1 0.490625 0.695833 0.035938 0.083333
1 0.459375 0.7125 0.053125 0.054167
1 0.385938 0.8875 0.0625 0.054167
1 0.189063 0.841667 0.051563 0.054167
1 0.471875 0.9375 0.059375 0.083333
1 0.645313 0.916667 0.053125 0.066667
1 0.803125 0.9625 0.051563 0.091667
1 0.7 0.652083 0.05 0.064583
1 0.642188 0.404167 0.042188 0.05
1 0.8875 0.4 0.034375 0.083333
1 0.840625 0.466667 0.053125 0.04375
1 0.878125 0.254167 0.048438 0.06875
1 0.95 0.147917 0.046875 0.083333
1 0.915625 0.377083 0.035938 0.060417
1 0.876563 0.535417 0.04375 0.083333
