1 0.189063 0.145833 0.034375 0.052083
1 0.023438 0.435417 0.0625 0.064583
1 0.290625 0.24375 0.0625 0.054167
1 0.325 0.285417 0.046875 0.083333
1 0.478125 0.2625 0.0625 0.083333
1 0.748438 0.075 0.0625 0.083333
1 0.971875 0.05625 0.048438 0.058333
1 0.948438 0.208333 0.0625 0.083333
1 0.954688 0.408333 0.0625 0.083333
1 0.8875 0.479167 0.0375 0.083333
1 0.7875 0.510417 0.0625 0.083333
1 0.715625 0.38125 0.028125 0.05
1 0.3875 0.529167 0.051563 0.05625
1 0.064062 0.614583 0.04375 0.083333
1 0.482813 0.679167 0.045313 0.083333
1 0.370313 0.575 0.048438 0.072917
1 0.4 0.91875 0.03125 0.05625
1 0.467188 0.983333 0.0625 0.066667
1 0.464063 0.929167 0.0625 0.039583
1 0.635938 0.947917 0.0625 0.05625
1 0.779688 0.933333 0.04375 0.077083
1 0.507813 0.58125 0.054688 0.047917
1 0.375 0.727083 0.051563 0.045833
1 0.140625 0.9 0.035938 0.0375
1 0.6375 0.704167 0.040625 0.04375
1 0.923438 0.885417 0.040625 0.052083
1 0.353125 0.366667 0.053125 0.041667
1 0.978125 0.79375 0.048438 0.05
1 0.990625 0.84375 0.03125 0.077083
1 0.426563 0.266667 0.029688 0.035417
