1 0.076563 0.354167 0.0625 0.064583
1 0.267188 0.2625 0.057813 0.052083
1 0.2625 0.314583 0.057813 0.06875
1 0.457813 0.266667 0.057813 0.08125
1 0.260938 0.439583 0.0625 0.047917
1 0.34375 0.554167 0.059375 0.075
1 0.051563 0.589583 0.039063 0.083333
1 0.496875 0.416667 0.035938 0.05
1 0.765625 0.366667 0.035938 0.054167
1 0.721875 0.508333 0.05 0.06875
1 0.873438 0.4375 0.05 0.052083
1 0.864063 0.570833 0.054688 0.060417
1 0.901563 0.585417 0.04375 0.070833
1 0.7 0.145833 0.060938 0.083333
1 0.817188 0.022917 0.0625 0.064583
1 0.896875 0.0375 0.051563 0.05
1 0.489063 0.602083 0.05 0.047917
1 0.4625 0.65625 0.048438 0.079167
1 0.385938 0.68125 0.0625 0.054167
1 0.571875 0.7625 0.057813 0.04375
1 0.742188 0.895833 0.053125 0.077083
1 0.623438 0.964583 0.0625 0.052083
1 0.89375 0.839583 0.057813 0.08125
1 0.959375 0.852083 0.048438 0.039583
1 0.410938 0.952083 0.035938 0.04375
1 0.007813 0.764583 0.0375 0.06875
1 0.123438 0.222917 0.045313 0.05
1 0.3 0.74375 0.051563 0.052083
1 0.103125 0.95625 0.05 0.0625
