1 0.24375 0.108333 0.042188 0.077083
1 0.267188 0.222917 0.060938 0.083333
1 0.265625 0.295833 0.048438 0.08125
1 0.201563 0.341667 0.0625 0.079167
1 0.051563 0.297917 0.042188 0.05625
1 0.154688 0.49375 0.0625 0.060417
1 0.067188 0.558333 0.035938 0.083333
1 0.3 0.56875 0.059375 0.083333
1 0.234375 0.766667 0.053125 0.05
1 0.185938 0.45 0.039063 0.0625
1 0.442188 0.633333 0.0625 0.083333
1 0.432813 0.775 0.053125 0.05625
1 0.4875 0.81875 0.051563 0.05
1 0.689063 0.8625 0.053125 0.083333
1 0.60625 0.98125 0.0625 0.047917
1 0.907813 0.864583 0.0625 0.05
1 0.982813 0.879167 0.0625 0.079167
1 0.851563 0.652083 0.045313 0.083333
1 0.9125 0.6875 0.039063 0.08125
1 0.68125 0.98125 0.054688 0.045833
1 0.696875 0.664583 0.048438 0.05625
1 0.646875 0.479167 0.0625 0.060417
1 0.55 0.504167 0.035938 0.045833
1 0.776563 0.358333 0.045313 0.072917
1 0.645313 0.197917 0.0625 0.077083
1 0.420313 0.241667 0.054688 0.083333
1 0.779688 0.070833 0.035938 0.083333
1 0.95625 0.227083 0.0625 0.054167
1 0.721875 0.1 0.054688 0.079167
1 0.81875 0.016667 0.0625 0.054167
1 0.776563 0.885417 0.045313 0.05625
1 0.626563 0.620833 0.04375 0.054167
1 0.795313 0.452083 0.042188 0.083333
