1 0.214063 0.079167 0.042188 0.054167
1 0.240625 0.204167 0.057813 0.083333
1 0.035938 0.252083 0.05 0.064583
1 0.1375 0.35 0.051563 0.083333
1 0.092188 0.377083 0.028125 0.054167
1 0.295313 0.297917 0.034375 0.083333
1 0.378125 0.202083 0.0625 0.083333
1 0.448438 0.11875 0.0625 0.08125
1 0.59375 0.23125 0.0625 0.083333
1 0.626563 0.179167 0.0375 0.083333
1 0.7625 0.114583 0.040625 0.072917
1 0.801563 0.2625 0.070313 0.05625
1 0.739063 0.354167 0.04375 0.05625
1 0.579688 0.429167 0.057813 0.077083
1 0.989063 0.5375 0.045313 0.075
1 0.415625 0.604167 0.057813 0.083333
1 0.259375 0.583333 0.054688 0.083333
1 0.198438 0.541667 0.042188 0.047917
1 0.114063 0.527083 0.034375 0.083333
1 0.104688 0.741667 0.071875 0.06875
1 0.367188 0.9 0.042188 0.047917
1 0.340625 0.96875 0.0375 0.052083
1 0.039063 0.53125 0.051563 0.05625
1 0.165625 0.795833 0.05 0.058333
1 0.4 0.841667 0.053125 0.060417
1 0.467188 0.927083 0.042188 0.058333
1 0.50625 0.860417 0.053125 0.045833
1 0.621875 0.829167 0.053125 0.083333
1 0.417188 0.69375 0.045313 0.066667
1 0.651563 0.735417 0.045313 0.083333
1 0.848438 0.729167 0.039063 0.083333
1 0.857813 0.883333 0.0625 0.058333
1 0.945313 0.854167 0.05625 0.072917
1 0.914063 0.795833 0.028125 0.06875
1 0.634375 0.964583 0.045313 0.05
1 0.659375 0.933333 0.057813 0.083333
1 0.935938 0.9125 0.04375 0.075
1 0.739063 0.45 0.04375 0.083333
