1 0.154688 0.10625 0.040625 0.052083
1 0.120313 0.158333 0.048438 0.0625
1 0.189063 0.158333 0.0375 0.06875
1 0.3375 0.139583 0.05625 0.089583
1 0.226563 0.295833 0.059375 0.0625
1 0.190625 0.354167 0.032813 0.05625
1 0.071875 0.35 0.0625 0.08125
1 0.154688 0.477083 0.0375 0.083333
1 0.354688 0.29375 0.035938 0.08125
1 0.5375 0.260417 0.05625 0.102083
1 0.51875 0.36875 0.057813 0.06875
1 0.610938 0.052083 0.05 0.058333
1 0.765625 0.139583 0.04375 0.077083
1 0.720313 0.452083 0.05625 0.0875
1 0.635938 0.572917 0.048438 0.052083
1 0.625 0.31875 0.0625 0.052083
1 0.404688 0.585417 0.048438 0.083333
1 0.301563 0.654167 0.076563 0.06875
1 0.18125 0.614583 0.057813 0.045833
1 0.220313 0.595833 0.0625 0.05
1 0.384375 0.766667 0.0625 0.045833
1 0.376563 0.810417 0.035938 0.06875
1 0.360938 0.877083 0.0375 0.083333
1 0.295313 0.833333 0.0625 0.0625
1 0.542188 0.7875 0.054688 0.083333
1 0.46875 0.852083 0.0625 0.066667
1 0.515625 0.95625 0.053125 0.054167
1 0.585938 0.941667 0.0625 0.083333
1 0.604688 0.777083 0.05 0.072917
1 0.5125 0.577083 0.040625 0.047917
1 0.985938 0.516667 0.05625 0.070833
1 0.853125 0.7875 0.040625 0.083333
1 0.910938 0.852083 0.05625 0.08125
1 0.790625 0.897917 0.059375 0.05625
1 0.834375 0.964583 0.042188 0.05625
1 0.88125 0.91875 0.053125 0.075
1 0.089063 0.777083 0.045313 0.079167
