1 0.290625 0.0625 0.0625 0.083333
1 0.18125 0.039583 0.054688 0.072917
1 0.132813 0.129167 0.054688 0.083333
1 0.2375 0.295833 0.042188 0.083333
1 0.184375 0.35 0.057813 0.083333
1 0.16875 0.410417 0.034375 0.0625
1 0.017188 0.34375 0.0625 0.079167
1 0.420313 0.275 0.0375 0.083333
1 0.4875 0.285417 0.059375 0.06875
1 0.475 0.3125 0.051563 0.0625
1 0.454688 0.379167 0.070313 0.064583
1 0.578125 0.33125 0.04375 0.083333
1 0.775 0.15625 0.045313 0.0625
1 0.979688 0.166667 0.060938 0.058333
1 0.970313 0.46875 0.039063 0.083333
1 0.684375 0.602083 0.054688 0.045833
1 0.75 0.4625 0.057813 0.079167
1 0.889063 0.841667 0.054688 0.083333
1 0.91875 0.908333 0.053125 0.072917
1 0.867188 0.85625 0.051563 0.060417
1 0.834375 0.9125 0.05 0.072917
1 0.545313 0.808333 0.051563 0.060417
1 0.55 0.927083 0.059375 0.083333
1 0.50625 0.745833 0.0625 0.083333
1 0.467188 0.747917 0.054688 0.083333
1 0.475 0.5875 0.075 0.09375
1 0.415625 0.579167 0.05 0.089583
1 0.390625 0.779167 0.051563 0.083333
1 0.35 0.816667 0.0625 0.052083
1 0.384375 0.977083 0.054688 0.072917
1 0.351563 0.710417 0.032813 0.075
1 0.095313 0.866667 0.0625 0.052083
1 0.182813 0.610417 0.05625 0.066667
1 0.153125 0.6875 0.059375 0.047917
1 0.032813 0.810417 0.051563 0.045833
1 0.173438 0.80625 0.0625 0.083333
