1 0.14375 0.152083 0.060938 0.05
1 0.128125 0.2125 0.0625 0.0375
1 0.271875 0.23125 0.04375 0.083333
1 0.153125 0.395833 0.051563 0.079167
1 0.201563 0.322917 0.042188 0.064583
1 0.275 0.427083 0.0625 0.064583
1 0.43125 0.34375 0.082813 0.077083
1 0.425 0.25 0.057813 0.066667
1 0.495313 0.272917 0.06875 0.104167
1 0.79375 0.154167 0.046875 0.064583
1 0.965625 0.152083 0.071875 0.077083
1 0.851563 0.208333 0.0625 0.05625
1 0.6 0.445833 0.079688 0.079167
1 0.545313 0.58125 0.085938 0.064583
1 0.434375 0.566667 0.046875 0.089583
1 0.132813 0.60625 0.0625 0.064583
1 0.05625 0.770833 0.08125 0.070833
1 0.1125 0.7375 0.051563 0.05
1 0.229688 0.875 0.065625 0.0625
1 0.282813 0.847917 0.065625 0.054167
1 0.353125 0.972917 0.051563 0.072917
1 0.507813 0.89375 0.0625 0.064583
1 0.498438 0.81875 0.04375 0.08125
1 0.404688 0.69375 0.05625 0.083333
1 0.451563 0.666667 0.053125 0.077083
1 0.3125 0.652083 0.034375 0.054167
1 0.746875 0.647917 0.0625 0.05
1 0.859375 0.80625 0.051563 0.083333
1 0.873438 0.910417 0.045313 0.083333
1 0.804688 0.904167 0.053125 0.075
1 0.70625 0.94375 0.05625 0.08125
1 0.66875 0.558333 0.076563 0.075
1 0.810938 0.485417 0.057813 0.083333
1 0.965625 0.41875 0.0375 0.083333
