2 0.036307 0.030449 0.020747 0.025641
2 0.065353 0.043269 0.020747 0.019231
2 0.029046 0.044872 0.020747 0.024038
2 0.059129 0.076923 0.028008 0.025641
2 0.047718 0.141026 0.023859 0.024038
2 0.018672 0.200321 0.029046 0.027244
2 0.053942 0.184295 0.028008 0.027244
2 0.053942 0.198718 0.020747 0.027244
2 0.037344 0.214744 0.026971 0.025641
2 0.017635 0.240385 0.023859 0.027244
2 0.033195 0.254808 0.020747 0.024038
2 0.04668 0.227564 0.020747 0.022436
2 0.059129 0.270833 0.024896 0.025641
2 0.052905 0.290064 0.020747 0.027244
2 0.062241 0.283654 0.020747 0.024038
2 0.068465 0.293269 0.025934 0.024038
2 0.061203 0.317308 0.020747 0.024038
2 0.053942 0.325321 0.020747 0.024038
2 0.041494 0.331731 0.020747 0.022436
2 0.033195 0.339744 0.020747 0.024038
2 0.018672 0.352564 0.022822 0.024038
2 0.028008 0.366987 0.020747 0.024038
2 0.003112 0.262821 0.01971 0.022436
2 0.017635 0.440705 0.020747 0.025641
2 0.032158 0.447115 0.023859 0.027244
2 0.064315 0.419872 0.020747 0.025641
2 0.039419 0.434295 0.023859 0.027244
2 0.076763 0.421474 0.022822 0.025641
2 0.004149 0.475962 0.020747 0.025641
2 0.01556 0.475962 0.022822 0.025641
2 0.033195 0.480769 0.022822 0.025641
2 0.033195 0.501603 0.023859 0.030449
2 0.044606 0.477564 0.020747 0.024038
2 0.052905 0.495192 0.020747 0.032051
2 0.059129 0.524038 0.020747 0.028846
2 0.067427 0.538462 0.023859 0.030449
2 0.020747 0.557692 0.022822 0.025641
2 0.014523 0.573718 0.026971 0.025641
2 0.037344 0.581731 0.025934 0.033654
2 0.072614 0.572115 0.026971 0.027244
2 0.071577 0.600962 0.026971 0.030449
2 0.018672 0.649038 0.023859 0.027244
2 0.004149 0.666667 0.020747 0.032051
2 0.057054 0.644231 0.025934 0.027244
2 0.01556 0.698718 0.028008 0.025641
2 0.023859 0.721154 0.025934 0.030449
2 0.038382 0.701923 0.024896 0.027244
2 0.05083 0.706731 0.020747 0.027244
2 0.071577 0.682692 0.026971 0.025641
2 0.045643 0.746795 0.026971 0.030449
2 0.040456 0.775641 0.023859 0.027244
2 0.014523 0.836538 0.029046 0.025641
2 0.011411 0.887821 0.028008 0.025641
2 0.016598 0.919872 0.028008 0.027244
2 0.064315 0.974359 0.029046 0.028846
2 0.070539 0.900641 0.03112 0.025641
2 0.072614 0.88141 0.025934 0.028846
2 0.076763 0.897436 0.025934 0.022436
2 0.131743 0.983974 0.028008 0.033654
2 0.131743 0.945513 0.024896 0.022436
2 0.133817 0.935897 0.032158 0.024038
2 0.201245 0.963141 0.029046 0.038462
2 0.192946 0.924679 0.032158 0.030449
2 0.256224 0.985577 0.03527 0.032051
2 0.276971 0.956731 0.032158 0.028846
2 0.239627 0.950321 0.029046 0.032051
2 0.272822 0.919872 0.030083 0.025641
2 0.254149 0.934295 0.028008 0.025641
2 0.248963 0.942308 0.028008 0.024038
2 0.215768 0.855769 0.028008 0.030449
2 0.175311 0.855769 0.034232 0.024038
2 0.177386 0.863782 0.023859 0.025641
2 0.125519 0.846154 0.023859 0.025641
2 0.10166 0.841346 0.026971 0.027244
2 0.134855 0.828526 0.025934 0.028846
2 0.065353 0.834936 0.024896 0.027244
2 0.061203 0.822115 0.026971 0.028846
2 0.05083 0.799679 0.025934 0.030449
2 0.104772 0.798077 0.024896 0.028846
2 0.100622 0.791667 0.033195 0.027244
2 0.075726 0.793269 0.020747 0.027244
2 0.063278 0.775641 0.024896 0.020833
2 0.077801 0.751603 0.030083 0.027244
2 0.091286 0.729167 0.030083 0.024038
2 0.084025 0.724359 0.026971 0.024038
2 0.116183 0.758013 0.025934 0.028846
2 0.131743 0.748397 0.026971 0.028846
2 0.123444 0.737179 0.026971 0.028846
2 0.167012 0.767628 0.026971 0.025641
2 0.167012 0.754808 0.029046 0.024038
2 0.171162 0.729167 0.030083 0.027244
2 0.204357 0.764423 0.029046 0.027244
2 0.098548 0.649038 0.028008 0.025641
2 0.094398 0.633013 0.028008 0.024038
2 0.122407 0.615385 0.033195 0.024038
2 0.224066 0.746795 0.025934 0.028846
2 0.201245 0.716346 0.03112 0.025641
2 0.192946 0.697115 0.030083 0.030449
2 0.177386 0.660256 0.028008 0.024038
2 0.171162 0.653846 0.026971 0.028846
2 0.178423 0.639423 0.024896 0.030449
2 0.15249 0.63141 0.024896 0.032051
2 0.204357 0.668269 0.025934 0.030449
2 0.216805 0.645833 0.028008 0.024038
2 0.212656 0.637821 0.024896 0.025641
2 0.18361 0.612179 0.025934 0.028846
2 0.175311 0.602564 0.020747 0.027244
2 0.162863 0.594551 0.020747 0.030449
2 0.18361 0.589744 0.020747 0.025641
2 0.191909 0.576923 0.020747 0.028846
2 0.129668 0.554487 0.024896 0.028846
2 0.165975 0.541667 0.025934 0.028846
2 0.141079 0.532051 0.026971 0.028846
2 0.098548 0.519231 0.026971 0.025641
2 0.094398 0.487179 0.032158 0.028846
2 0.082988 0.455128 0.029046 0.025641
2 0.120332 0.416667 0.025934 0.025641
2 0.107884 0.407051 0.026971 0.024038
2 0.145228 0.496795 0.026971 0.025641
2 0.157676 0.479167 0.030083 0.025641
2 0.134855 0.466346 0.028008 0.025641
2 0.142116 0.439103 0.020747 0.024038
2 0.158714 0.424679 0.022822 0.033654
2 0.141079 0.424679 0.029046 0.024038
2 0.15249 0.402244 0.022822 0.025641
2 0.160788 0.395833 0.020747 0.022436
2 0.128631 0.403846 0.020747 0.017628
2 0.096473 0.365385 0.020747 0.032051
2 0.091286 0.357372 0.022822 0.025641
2 0.102697 0.344551 0.020747 0.022436
2 0.141079 0.339744 0.018672 0.028846
2 0.174274 0.354167 0.020747 0.028846
2 0.184647 0.341346 0.024896 0.030449
2 0.144191 0.322115 0.026971 0.020833
2 0.11722 0.3125 0.025934 0.024038
2 0.126556 0.307692 0.020747 0.027244
2 0.14834 0.294872 0.020747 0.024038
2 0.181535 0.307692 0.023859 0.025641
2 0.112033 0.262821 0.020747 0.030449
2 0.098548 0.25641 0.020747 0.025641
2 0.147303 0.272436 0.020747 0.022436
2 0.16805 0.258013 0.026971 0.024038
2 0.141079 0.251603 0.021784 0.025641
2 0.09751 0.233974 0.020747 0.028846
2 0.08195 0.216346 0.020747 0.017628
2 0.079876 0.209936 0.020747 0.032051
2 0.109959 0.190705 0.020747 0.025641
2 0.102697 0.179487 0.020747 0.025641
2 0.11722 0.177885 0.024896 0.024038
2 0.158714 0.235577 0.024896 0.022436
2 0.165975 0.214744 0.024896 0.028846
2 0.182573 0.1875 0.024896 0.025641
2 0.164938 0.173077 0.025934 0.027244
2 0.141079 0.144231 0.023859 0.022436
2 0.121369 0.100962 0.024896 0.025641
2 0.145228 0.086538 0.020747 0.032051
2 0.133817 0.076923 0.020747 0.024038
2 0.16805 0.048077 0.020747 0.022436
2 0.198133 0.072115 0.021784 0.025641
2 0.175311 0.120192 0.020747 0.025641
2 0.178423 0.128205 0.025934 0.025641
2 0.207469 0.169872 0.023859 0.025641
2 0.205394 0.206731 0.020747 0.032051
2 0.229253 0.201923 0.024896 0.025641
2 0.215768 0.225962 0.020747 0.022436
2 0.227178 0.009615 0.029046 0.024038
2 0.287344 0.009615 0.023859 0.022436
2 0.233402 0.121795 0.020747 0.022436
2 0.233402 0.137821 0.020747 0.020833
2 0.238589 0.153846 0.020747 0.028846
2 0.260373 0.171474 0.025934 0.022436
2 0.268672 0.153846 0.024896 0.020833
2 0.271784 0.134615 0.026971 0.024038
2 0.284232 0.072115 0.023859 0.027244
2 0.291494 0.075321 0.022822 0.025641
2 0.294606 0.092949 0.025934 0.024038
2 0.299793 0.113782 0.018672 0.030449
2 0.335062 0.038462 0.023859 0.025641
2 0.369295 0.017628 0.020747 0.022436
2 0.375519 0.011218 0.020747 0.022436
2 0.353734 0.057692 0.020747 0.025641
2 0.33195 0.083333 0.025934 0.020833
2 0.349585 0.097756 0.022822 0.024038
2 0.354772 0.110577 0.020747 0.028846
2 0.33195 0.150641 0.023859 0.025641
2 0.274896 0.208333 0.022822 0.027244
2 0.256224 0.227564 0.023859 0.025641
2 0.311203 0.208333 0.023859 0.025641
2 0.225104 0.248397 0.020747 0.025641
2 0.215768 0.259615 0.020747 0.024038
2 0.206432 0.275641 0.023859 0.024038
2 0.213693 0.285256 0.020747 0.027244
2 0.211618 0.31891 0.022822 0.028846
2 0.244813 0.253205 0.020747 0.025641
2 0.252075 0.259615 0.022822 0.025641
2 0.270747 0.25641 0.024896 0.027244
2 0.247925 0.288462 0.025934 0.027244
2 0.257261 0.301282 0.022822 0.025641
2 0.263485 0.3125 0.020747 0.025641
2 0.244813 0.334936 0.024896 0.020833
2 0.247925 0.352564 0.025934 0.024038
2 0.274896 0.349359 0.022822 0.022436
2 0.297718 0.240385 0.022822 0.027244
2 0.297718 0.25 0.020747 0.024038
2 0.309129 0.254808 0.022822 0.027244
2 0.317427 0.264423 0.022822 0.033654
2 0.328838 0.230769 0.020747 0.020833
2 0.33195 0.237179 0.024896 0.024038
2 0.348548 0.245192 0.021784 0.032051
2 0.291494 0.299679 0.020747 0.028846
2 0.313278 0.299679 0.025934 0.022436
2 0.308091 0.328526 0.024896 0.028846
2 0.283195 0.373397 0.021784 0.027244
2 0.297718 0.370192 0.023859 0.027244
2 0.303942 0.387821 0.020747 0.027244
2 0.314315 0.415064 0.024896 0.024038
2 0.283195 0.403846 0.022822 0.028846
2 0.263485 0.402244 0.022822 0.024038
2 0.244813 0.394231 0.024896 0.024038
2 0.221992 0.402244 0.025934 0.027244
2 0.204357 0.408654 0.020747 0.028846
2 0.197095 0.435897 0.020747 0.028846
2 0.232365 0.411859 0.023859 0.027244
2 0.233402 0.419872 0.024896 0.025641
2 0.251037 0.426282 0.022822 0.028846
2 0.215768 0.447115 0.024896 0.024038
2 0.215768 0.459936 0.024896 0.028846
2 0.221992 0.467949 0.023859 0.027244
2 0.253112 0.450321 0.024896 0.024038
2 0.256224 0.466346 0.025934 0.027244
2 0.28527 0.448718 0.026971 0.027244
2 0.299793 0.464744 0.024896 0.024038
2 0.302905 0.479167 0.025934 0.028846
2 0.31639 0.456731 0.023859 0.024038
2 0.323651 0.442308 0.020747 0.032051
2 0.337137 0.445513 0.020747 0.028846
2 0.352697 0.451923 0.023859 0.027244
2 0.355809 0.469551 0.030083 0.024038
2 0.342324 0.495192 0.026971 0.027244
2 0.187759 0.496795 0.028008 0.028846
2 0.201245 0.509615 0.029046 0.032051
2 0.237552 0.517628 0.029046 0.027244
2 0.21473 0.552885 0.028008 0.028846
2 0.245851 0.532051 0.024896 0.025641
2 0.241701 0.573718 0.023859 0.025641
2 0.256224 0.56891 0.024896 0.024038
2 0.282158 0.538462 0.028008 0.028846
2 0.282158 0.564103 0.023859 0.028846
2 0.256224 0.594551 0.030083 0.025641
2 0.280083 0.581731 0.025934 0.024038
2 0.28527 0.604167 0.023859 0.027244
2 0.26971 0.625 0.022822 0.028846
2 0.280083 0.633013 0.025934 0.027244
2 0.233402 0.644231 0.020747 0.030449
2 0.239627 0.644231 0.025934 0.025641
2 0.243776 0.69391 0.028008 0.024038
2 0.238589 0.709936 0.025934 0.027244
2 0.255187 0.770833 0.024896 0.027244
2 0.260373 0.729167 0.025934 0.028846
2 0.268672 0.685897 0.026971 0.028846
2 0.290456 0.733974 0.030083 0.020833
2 0.30083 0.75 0.022822 0.027244
2 0.312241 0.769231 0.025934 0.027244
2 0.322614 0.770833 0.026971 0.028846
2 0.33195 0.823718 0.030083 0.027244
2 0.315353 0.865385 0.020747 0.032051
2 0.328838 0.855769 0.020747 0.024038
2 0.33195 0.871795 0.020747 0.028846
2 0.323651 0.884615 0.03112 0.027244
2 0.3361 0.927885 0.028008 0.025641
2 0.337137 0.942308 0.033195 0.027244
2 0.36722 0.899038 0.032158 0.032051
2 0.344398 0.924679 0.028008 0.022436
2 0.396266 0.990385 0.026971 0.028846
2 0.4139 0.939103 0.029046 0.032051
2 0.365145 0.841346 0.030083 0.028846
2 0.517635 0.974359 0.034232 0.030449
2 0.567427 0.99359 0.03112 0.032051
2 0.556017 0.945513 0.03112 0.027244
2 0.674274 0.956731 0.032158 0.028846
2 0.701245 0.934295 0.028008 0.030449
2 0.482365 0.940705 0.029046 0.030449
2 0.445021 0.913462 0.029046 0.032051
2 0.863071 0.945513 0.030083 0.030449
2 0.926349 0.945513 0.03112 0.028846
2 0.80083 0.907051 0.036307 0.025641
2 0.834025 0.88141 0.036307 0.028846
2 0.889004 0.866987 0.032158 0.028846
2 0.926349 0.86859 0.03112 0.028846
2 0.935685 0.801282 0.034232 0.028846
2 0.90249 0.775641 0.03527 0.028846
2 0.772822 0.836538 0.036307 0.025641
2 0.738589 0.838141 0.032158 0.032051
2 0.678423 0.878205 0.032158 0.025641
2 0.684647 0.852564 0.028008 0.027244
2 0.636929 0.865385 0.032158 0.027244
2 0.626556 0.908654 0.03112 0.028846
2 0.599585 0.905449 0.032158 0.032051
2 0.497925 0.891026 0.033195 0.028846
2 0.441909 0.876603 0.032158 0.027244
2 0.423237 0.862179 0.030083 0.025641
2 0.405602 0.860577 0.034232 0.027244
2 0.414938 0.817308 0.024896 0.032051
2 0.485477 0.831731 0.025934 0.027244
2 0.518672 0.809295 0.03112 0.027244
2 0.608921 0.810897 0.028008 0.030449
2 0.619295 0.785256 0.025934 0.027244
2 0.579876 0.780449 0.032158 0.024038
2 0.526971 0.778846 0.023859 0.030449
2 0.524896 0.766026 0.026971 0.028846
2 0.676349 0.769231 0.029046 0.022436
2 0.664938 0.778846 0.028008 0.024038
2 0.357884 0.794872 0.028008 0.027244
2 0.355809 0.766026 0.028008 0.024038
2 0.369295 0.740385 0.024896 0.028846
2 0.338174 0.729167 0.026971 0.025641
2 0.322614 0.711538 0.022822 0.032051
2 0.455394 0.751603 0.020747 0.032051
2 0.428423 0.746795 0.029046 0.028846
2 0.411826 0.75 0.030083 0.030449
2 0.48029 0.716346 0.026971 0.028846
2 0.475104 0.725962 0.020747 0.020833
2 0.492739 0.733974 0.026971 0.027244
2 0.520747 0.717949 0.025934 0.025641
2 0.534232 0.711538 0.020747 0.030449
2 0.341286 0.682692 0.020747 0.025641
2 0.355809 0.679487 0.025934 0.032051
2 0.36722 0.658654 0.028008 0.022436
2 0.332988 0.644231 0.023859 0.030449
2 0.308091 0.623397 0.022822 0.022436
2 0.401452 0.658654 0.024896 0.028846
2 0.394191 0.653846 0.022822 0.025641
2 0.404564 0.644231 0.020747 0.025641
2 0.399378 0.634615 0.020747 0.024038
2 0.33195 0.610577 0.025934 0.027244
2 0.308091 0.596154 0.024896 0.028846
2 0.352697 0.600962 0.024896 0.022436
2 0.308091 0.536859 0.028008 0.024038
2 0.325726 0.549679 0.023859 0.027244
2 0.376556 0.594551 0.029046 0.027244
2 0.364108 0.581731 0.025934 0.025641
2 0.349585 0.554487 0.028008 0.024038
2 0.35166 0.536859 0.025934 0.027244
2 0.381743 0.544872 0.028008 0.028846
2 0.372407 0.532051 0.023859 0.027244
2 0.384855 0.496795 0.020747 0.028846
2 0.419087 0.532051 0.029046 0.020833
2 0.394191 0.588141 0.020747 0.024038
2 0.404564 0.572115 0.020747 0.028846
2 0.410788 0.589744 0.020747 0.024038
2 0.427386 0.56891 0.020747 0.022436
2 0.417012 0.597756 0.029046 0.028846
2 0.434647 0.602564 0.020747 0.030449
2 0.44917 0.580128 0.024896 0.024038
2 0.454357 0.56891 0.020747 0.027244
2 0.459544 0.599359 0.028008 0.027244
2 0.461618 0.623397 0.020747 0.024038
2 0.466805 0.633013 0.028008 0.028846
2 0.489627 0.649038 0.020747 0.032051
2 0.524896 0.657051 0.028008 0.027244
2 0.506224 0.649038 0.023859 0.027244
2 0.511411 0.634615 0.020747 0.022436
2 0.512448 0.620192 0.026971 0.022436
2 0.494813 0.61859 0.025934 0.028846
2 0.495851 0.594551 0.025934 0.024038
2 0.509336 0.589744 0.028008 0.027244
2 0.559129 0.673077 0.024896 0.030449
2 0.61722 0.713141 0.030083 0.028846
2 0.604772 0.685897 0.029046 0.032051
2 0.587137 0.684295 0.032158 0.027244
2 0.593361 0.653846 0.030083 0.028846
2 0.571577 0.650641 0.028008 0.024038
2 0.552905 0.636218 0.029046 0.030449
2 0.630705 0.663462 0.020747 0.028846
2 0.625519 0.644231 0.024896 0.027244
2 0.698133 0.745192 0.026971 0.028846
2 0.797718 0.761218 0.029046 0.028846
2 0.775934 0.754808 0.026971 0.028846
2 0.792531 0.724359 0.028008 0.030449
2 0.75 0.717949 0.029046 0.032051
2 0.726141 0.701923 0.024896 0.030449
2 0.677386 0.697115 0.026971 0.028846
2 0.674274 0.655449 0.032158 0.024038
2 0.689834 0.636218 0.03112 0.028846
2 0.724066 0.653846 0.020747 0.032051
2 0.757261 0.660256 0.029046 0.028846
2 0.790456 0.674679 0.029046 0.032051
2 0.85166 0.69391 0.028008 0.027244
2 0.889004 0.698718 0.030083 0.027244
2 0.928423 0.700321 0.033195 0.027244
2 0.940871 0.705128 0.033195 0.027244
2 0.904564 0.649038 0.028008 0.028846
2 0.837137 0.68109 0.029046 0.032051
2 0.823651 0.658654 0.024896 0.028846
2 0.803942 0.637821 0.032158 0.027244
2 0.876556 0.63141 0.028008 0.024038
2 0.963693 0.645833 0.032158 0.028846
2 0.9139 0.612179 0.03112 0.024038
2 0.959544 0.63141 0.030083 0.020833
2 0.959544 0.625 0.030083 0.020833
2 0.726141 0.634615 0.028008 0.022436
2 0.733402 0.625 0.020747 0.028846
2 0.753112 0.612179 0.020747 0.028846
2 0.779046 0.602564 0.026971 0.035256
2 0.790456 0.583333 0.025934 0.024038
2 0.801867 0.580128 0.024896 0.022436
2 0.856846 0.583333 0.032158 0.019231
2 0.826763 0.572115 0.03112 0.024038
2 0.809129 0.565705 0.020747 0.044872
2 0.759336 0.557692 0.032158 0.028846
2 0.71888 0.578526 0.025934 0.024038
2 0.707469 0.591346 0.028008 0.027244
2 0.677386 0.584936 0.028008 0.032051
2 0.636929 0.607372 0.032158 0.027244
2 0.635892 0.594551 0.020747 0.028846
2 0.599585 0.599359 0.020747 0.028846
2 0.590249 0.605769 0.020747 0.027244
2 0.575726 0.581731 0.025934 0.028846
2 0.561203 0.589744 0.026971 0.025641
2 0.547718 0.580128 0.026971 0.024038
2 0.526971 0.573718 0.026971 0.027244
2 0.547718 0.55609 0.028008 0.024038
2 0.521784 0.549679 0.020747 0.025641
2 0.474066 0.549679 0.023859 0.025641
2 0.544606 0.533654 0.024896 0.025641
2 0.415975 0.488782 0.020747 0.024038
2 0.404564 0.491987 0.020747 0.028846
2 0.419087 0.467949 0.025934 0.022436
2 0.404564 0.463141 0.020747 0.025641
2 0.381743 0.451923 0.026971 0.025641
2 0.384855 0.426282 0.030083 0.027244
2 0.370332 0.421474 0.024896 0.024038
2 0.970954 0.552885 0.029046 0.032051
2 0.983402 0.491987 0.026971 0.028846
2 0.996888 0.498397 0.020747 0.019231
2 0.995851 0.474359 0.028008 0.025641
2 0.926349 0.532051 0.020747 0.032051
2 0.857884 0.55609 0.030083 0.022436
2 0.837137 0.546474 0.022822 0.022436
2 0.853734 0.532051 0.028008 0.028846
2 0.880705 0.532051 0.030083 0.030449
2 0.822614 0.524038 0.030083 0.028846
2 0.793568 0.519231 0.028008 0.030449
2 0.917012 0.522436 0.026971 0.025641
2 0.925311 0.514423 0.032158 0.024038
2 0.932573 0.488782 0.022822 0.028846
2 0.909751 0.487179 0.029046 0.027244
2 0.927386 0.469551 0.020747 0.032051
2 0.866183 0.490385 0.020747 0.024038
2 0.947095 0.440705 0.026971 0.027244
2 0.95332 0.416667 0.028008 0.025641
2 0.990664 0.415064 0.029046 0.025641
2 0.988589 0.399038 0.028008 0.024038
2 0.975104 0.399038 0.028008 0.030449
2 0.948133 0.362179 0.025934 0.028846
2 0.994813 0.307692 0.020747 0.024038
2 0.993776 0.280449 0.020747 0.024038
2 0.947095 0.322115 0.022822 0.025641
2 0.941909 0.30609 0.020747 0.020833
2 0.960581 0.282051 0.025934 0.024038
2 0.956432 0.270833 0.03112 0.025641
2 0.978216 0.245192 0.026971 0.024038
2 0.956432 0.254808 0.023859 0.024038
2 0.974066 0.227564 0.022822 0.025641
2 0.969917 0.208333 0.018672 0.028846
2 0.976141 0.18109 0.023859 0.022436
2 0.986515 0.165064 0.020747 0.030449
2 0.978216 0.13141 0.020747 0.030449
2 0.96473 0.145833 0.023859 0.024038
2 0.948133 0.145833 0.020747 0.025641
2 0.96888 0.110577 0.023859 0.024038
2 0.988589 0.078526 0.020747 0.032051
2 0.993776 0.019231 0.020747 0.025641
2 0.927386 0.059295 0.017635 0.024038
2 0.941909 0.012821 0.020747 0.032051
2 0.930498 0.009615 0.020747 0.025641
2 0.848548 0.022436 0.020747 0.025641
2 0.827801 0.016026 0.01971 0.028846
2 0.846473 0.05609 0.020747 0.025641
2 0.837137 0.060897 0.020747 0.028846
2 0.879668 0.126603 0.020747 0.025641
2 0.89834 0.157051 0.024896 0.027244
2 0.905602 0.168269 0.020747 0.022436
2 0.789419 0.052885 0.020747 0.027244
2 0.759336 0.035256 0.020747 0.027244
2 0.71473 0.020833 0.020747 0.022436
2 0.622407 0.027244 0.023859 0.028846
2 0.576763 0.012821 0.020747 0.019231
2 0.561203 0.011218 0.020747 0.024038
2 0.567427 0.025641 0.016598 0.016026
2 0.459544 0.024038 0.022822 0.022436
2 0.414938 0.036859 0.020747 0.024038
2 0.40249 0.065705 0.020747 0.025641
2 0.424274 0.060897 0.023859 0.022436
2 0.486515 0.033654 0.025934 0.024038
2 0.506224 0.030449 0.01556 0.022436
2 0.503112 0.054487 0.018672 0.024038
2 0.474066 0.065705 0.020747 0.025641
2 0.486515 0.080128 0.020747 0.028846
2 0.501037 0.092949 0.020747 0.022436
2 0.517635 0.097756 0.020747 0.032051
2 0.529046 0.115385 0.020747 0.027244
2 0.516598 0.096154 0.020747 0.020833
2 0.520747 0.100962 0.020747 0.025641
2 0.578838 0.100962 0.020747 0.027244
2 0.604772 0.088141 0.016598 0.024038
2 0.610996 0.076923 0.016598 0.022436
2 0.63278 0.072115 0.020747 0.030449
2 0.657676 0.070513 0.020747 0.028846
2 0.688797 0.05609 0.022822 0.022436
2 0.691909 0.081731 0.022822 0.027244
2 0.725104 0.060897 0.024896 0.027244
2 0.775934 0.080128 0.026971 0.022436
2 0.794606 0.104167 0.023859 0.025641
2 0.735477 0.107372 0.020747 0.025641
2 0.691909 0.113782 0.026971 0.025641
2 0.665975 0.144231 0.028008 0.028846
2 0.628631 0.144231 0.026971 0.027244
2 0.60166 0.145833 0.026971 0.024038
2 0.591286 0.155449 0.026971 0.027244
2 0.55083 0.155449 0.024896 0.025641
2 0.549793 0.19391 0.028008 0.027244
2 0.492739 0.171474 0.020747 0.027244
2 0.419087 0.100962 0.020747 0.024038
2 0.422199 0.112179 0.029046 0.027244
2 0.405602 0.133013 0.025934 0.025641
2 0.393154 0.145833 0.026971 0.025641
2 0.435685 0.155449 0.020747 0.024038
2 0.406639 0.173077 0.020747 0.025641
2 0.375519 0.177885 0.026971 0.024038
2 0.370332 0.198718 0.017635 0.024038
2 0.387967 0.209936 0.020747 0.022436
2 0.378631 0.222756 0.024896 0.025641
2 0.383817 0.233974 0.029046 0.025641
2 0.369295 0.253205 0.028008 0.025641
2 0.378631 0.251603 0.020747 0.020833
2 0.378631 0.264423 0.026971 0.024038
2 0.381743 0.285256 0.029046 0.022436
2 0.36722 0.317308 0.024896 0.025641
2 0.355809 0.326923 0.025934 0.027244
2 0.335062 0.334936 0.020747 0.025641
2 0.341286 0.349359 0.025934 0.027244
2 0.3361 0.370192 0.023859 0.028846
2 0.360996 0.362179 0.024896 0.030449
2 0.381743 0.357372 0.028008 0.028846
2 0.378631 0.376603 0.023859 0.025641
2 0.396266 0.352564 0.020747 0.030449
2 0.390041 0.384615 0.020747 0.022436
2 0.403527 0.383013 0.020747 0.032051
2 0.410788 0.408654 0.020747 0.028846
2 0.425311 0.402244 0.020747 0.030449
2 0.430498 0.347756 0.020747 0.025641
2 0.456432 0.336538 0.020747 0.028846
2 0.421162 0.299679 0.026971 0.027244
2 0.431535 0.286859 0.020747 0.024038
2 0.407676 0.270833 0.025934 0.027244
2 0.422199 0.254808 0.024896 0.025641
2 0.424274 0.232372 0.028008 0.027244
2 0.419087 0.222756 0.020747 0.024038
2 0.445021 0.230769 0.026971 0.025641
2 0.469917 0.197115 0.024896 0.024038
2 0.465768 0.208333 0.020747 0.020833
2 0.473029 0.224359 0.026971 0.027244
2 0.483402 0.205128 0.021784 0.025641
2 0.490664 0.192308 0.028008 0.024038
2 0.516598 0.225962 0.020747 0.032051
2 0.465768 0.254808 0.020747 0.022436
2 0.459544 0.264423 0.020747 0.017628
2 0.459544 0.251603 0.020747 0.019231
2 0.458506 0.302885 0.020747 0.032051
2 0.48444 0.310897 0.026971 0.027244
2 0.482365 0.331731 0.028008 0.025641
2 0.454357 0.384615 0.025934 0.024038
2 0.44917 0.394231 0.020747 0.019231
2 0.455394 0.407051 0.020747 0.028846
2 0.441909 0.429487 0.024896 0.024038
2 0.451245 0.426282 0.020747 0.024038
2 0.445021 0.442308 0.029046 0.028846
2 0.458506 0.474359 0.026971 0.027244
2 0.467842 0.514423 0.025934 0.024038
2 0.479253 0.514423 0.020747 0.020833
2 0.488589 0.511218 0.020747 0.032051
2 0.466805 0.495192 0.028008 0.028846
2 0.487552 0.479167 0.028008 0.025641
2 0.473029 0.453526 0.020747 0.024038
2 0.471992 0.434295 0.020747 0.022436
2 0.483402 0.426282 0.020747 0.028846
2 0.53112 0.504808 0.023859 0.027244
2 0.517635 0.475962 0.029046 0.024038
2 0.509336 0.429487 0.028008 0.024038
2 0.537344 0.435897 0.03112 0.030449
2 0.549793 0.442308 0.020747 0.025641
2 0.565353 0.490385 0.026971 0.028846
2 0.564315 0.479167 0.026971 0.024038
2 0.572614 0.458333 0.028008 0.025641
2 0.599585 0.487179 0.028008 0.022436
2 0.587137 0.504808 0.020747 0.032051
2 0.575726 0.535256 0.028008 0.027244
2 0.600622 0.532051 0.030083 0.028846
2 0.578838 0.544872 0.030083 0.025641
2 0.610996 0.565705 0.026971 0.027244
2 0.633817 0.56891 0.029046 0.027244
2 0.64834 0.551282 0.026971 0.022436
2 0.640041 0.543269 0.024896 0.025641
2 0.669087 0.530449 0.025934 0.027244
2 0.692946 0.536859 0.029046 0.032051
2 0.73029 0.501603 0.023859 0.028846
2 0.759336 0.491987 0.020747 0.027244
2 0.755187 0.479167 0.020747 0.025641
2 0.742739 0.482372 0.020747 0.024038
2 0.735477 0.463141 0.029046 0.027244
2 0.716805 0.474359 0.030083 0.030449
2 0.658714 0.496795 0.029046 0.028846
2 0.627593 0.50641 0.024896 0.027244
2 0.616183 0.496795 0.029046 0.028846
2 0.669087 0.479167 0.026971 0.025641
2 0.691909 0.471154 0.026971 0.025641
2 0.680498 0.464744 0.03112 0.027244
2 0.693983 0.456731 0.028008 0.028846
2 0.723029 0.435897 0.03112 0.025641
2 0.650415 0.464744 0.029046 0.025641
2 0.662863 0.442308 0.026971 0.024038
2 0.626556 0.448718 0.029046 0.022436
2 0.596473 0.427885 0.026971 0.024038
2 0.58195 0.432692 0.026971 0.020833
2 0.564315 0.424679 0.030083 0.028846
2 0.5861 0.408654 0.030083 0.025641
2 0.486515 0.389423 0.028008 0.027244
2 0.476141 0.383013 0.020747 0.027244
2 0.523859 0.424679 0.020747 0.028846
2 0.539419 0.403846 0.030083 0.024038
2 0.548755 0.389423 0.029046 0.022436
2 0.514523 0.392628 0.028008 0.024038
2 0.51971 0.378205 0.023859 0.027244
2 0.55083 0.371795 0.026971 0.025641
2 0.540456 0.366987 0.037344 0.030449
2 0.558091 0.354167 0.026971 0.027244
2 0.503112 0.362179 0.020747 0.025641
2 0.521784 0.334936 0.020747 0.027244
2 0.518672 0.3125 0.026971 0.025641
2 0.514523 0.296474 0.026971 0.025641
2 0.517635 0.272436 0.026971 0.027244
2 0.494813 0.267628 0.024896 0.028846
2 0.54668 0.245192 0.028008 0.024038
2 0.567427 0.232372 0.020747 0.025641
2 0.587137 0.217949 0.020747 0.022436
2 0.619295 0.201923 0.029046 0.024038
2 0.651452 0.206731 0.020747 0.020833
2 0.659751 0.205128 0.020747 0.022436
2 0.676349 0.201923 0.020747 0.027244
2 0.672199 0.217949 0.020747 0.027244
2 0.702282 0.153846 0.020747 0.030449
2 0.725104 0.18109 0.020747 0.030449
2 0.78112 0.142628 0.020747 0.020833
2 0.767635 0.145833 0.020747 0.027244
2 0.761411 0.158654 0.020747 0.025641
2 0.753112 0.179487 0.028008 0.025641
2 0.789419 0.169872 0.020747 0.020833
2 0.848548 0.155449 0.020747 0.025641
2 0.804979 0.1875 0.020747 0.032051
2 0.799793 0.182692 0.020747 0.027244
2 0.826763 0.18109 0.025934 0.020833
2 0.779046 0.209936 0.026971 0.024038
2 0.790456 0.225962 0.022822 0.025641
2 0.809129 0.232372 0.020747 0.024038
2 0.828838 0.240385 0.020747 0.025641
2 0.837137 0.248397 0.020747 0.025641
2 0.848548 0.232372 0.023859 0.025641
2 0.866183 0.235577 0.018672 0.024038
2 0.896266 0.229167 0.023859 0.028846
2 0.915975 0.213141 0.020747 0.028846
2 0.917012 0.241987 0.020747 0.028846
2 0.93361 0.224359 0.026971 0.025641
2 0.941909 0.233974 0.021784 0.027244
2 0.930498 0.307692 0.026971 0.028846
2 0.924274 0.341346 0.020747 0.027244
2 0.914938 0.370192 0.028008 0.025641
2 0.89834 0.450321 0.024896 0.030449
2 0.872407 0.461538 0.026971 0.028846
2 0.894191 0.424679 0.025934 0.030449
2 0.890041 0.405449 0.023859 0.030449
2 0.874481 0.411859 0.024896 0.024038
2 0.854772 0.450321 0.028008 0.032051
2 0.828838 0.488782 0.033195 0.032051
2 0.825726 0.479167 0.025934 0.032051
2 0.820539 0.474359 0.020747 0.027244
2 0.78527 0.466346 0.020747 0.032051
2 0.791494 0.469551 0.022822 0.028846
2 0.78527 0.440705 0.025934 0.032051
2 0.85166 0.424679 0.029046 0.028846
2 0.863071 0.402244 0.020747 0.025641
2 0.856846 0.392628 0.030083 0.030449
2 0.854772 0.365385 0.026971 0.028846
2 0.869295 0.339744 0.026971 0.024038
2 0.878631 0.334936 0.020747 0.022436
2 0.877593 0.322115 0.028008 0.025641
2 0.886929 0.299679 0.026971 0.024038
2 0.896266 0.275641 0.020747 0.025641
2 0.891079 0.262821 0.030083 0.024038
2 0.877593 0.259615 0.020747 0.022436
2 0.855809 0.261218 0.022822 0.024038
2 0.857884 0.280449 0.026971 0.027244
2 0.845436 0.272436 0.020747 0.024038
2 0.837137 0.280449 0.020747 0.020833
2 0.853734 0.310897 0.020747 0.028846
2 0.837137 0.326923 0.026971 0.027244
2 0.834025 0.3125 0.029046 0.024038
2 0.817427 0.320513 0.025934 0.025641
2 0.821577 0.299679 0.024896 0.028846
2 0.815353 0.384615 0.029046 0.025641
2 0.801867 0.405449 0.028008 0.027244
2 0.78527 0.397436 0.028008 0.028846
2 0.754149 0.392628 0.025934 0.032051
2 0.724066 0.394231 0.026971 0.025641
2 0.746888 0.378205 0.025934 0.025641
2 0.742739 0.373397 0.026971 0.025641
2 0.787344 0.334936 0.028008 0.027244
2 0.780083 0.317308 0.023859 0.024038
2 0.791494 0.285256 0.026971 0.025641
2 0.788382 0.277244 0.026971 0.024038
2 0.754149 0.307692 0.020747 0.025641
2 0.757261 0.288462 0.024896 0.025641
2 0.738589 0.334936 0.023859 0.028846
2 0.70332 0.370192 0.028008 0.027244
2 0.715768 0.344551 0.028008 0.022436
2 0.698133 0.338141 0.025934 0.027244
2 0.667012 0.365385 0.028008 0.028846
2 0.664938 0.339744 0.022822 0.030449
2 0.684647 0.3125 0.017635 0.028846
2 0.673237 0.298077 0.023859 0.030449
2 0.724066 0.280449 0.022822 0.027244
2 0.710581 0.272436 0.029046 0.032051
2 0.728216 0.235577 0.020747 0.024038
2 0.729253 0.217949 0.021784 0.028846
2 0.698133 0.227564 0.020747 0.028846
2 0.624481 0.235577 0.021784 0.025641
2 0.645228 0.227564 0.020747 0.024038
2 0.650415 0.240385 0.026971 0.027244
2 0.599585 0.24359 0.020747 0.020833
2 0.594398 0.251603 0.020747 0.019231
2 0.588174 0.254808 0.020747 0.019231
2 0.578838 0.258013 0.020747 0.025641
2 0.558091 0.262821 0.025934 0.032051
2 0.552905 0.294872 0.020747 0.024038
2 0.552905 0.309295 0.026971 0.028846
2 0.587137 0.344551 0.023859 0.024038
2 0.592324 0.357372 0.026971 0.025641
2 0.602697 0.38141 0.026971 0.024038
2 0.624481 0.410256 0.022822 0.025641
2 0.644191 0.410256 0.026971 0.027244
2 0.645228 0.397436 0.024896 0.027244
2 0.634855 0.373397 0.028008 0.028846
2 0.649378 0.358974 0.026971 0.028846
2 0.609959 0.330128 0.022822 0.024038
2 0.595436 0.326923 0.025934 0.019231
2 0.59751 0.3125 0.022822 0.027244
2 0.60166 0.31891 0.024896 0.022436
2 0.615145 0.267628 0.020747 0.027244
2 0.623444 0.25641 0.020747 0.020833
2 0.641079 0.267628 0.024896 0.022436
2 0.642116 0.277244 0.025934 0.022436
2 0.633817 0.285256 0.026971 0.022436
