2 0.021784 0.008013 0.020747 0.020833
2 0.007261 0.064103 0.025934 0.025641
2 0.034232 0.048077 0.026971 0.024038
2 0.044606 0.05609 0.024896 0.024038
2 0.044606 0.075321 0.026971 0.024038
2 0.059129 0.155449 0.025934 0.025641
2 0.045643 0.173077 0.03112 0.022436
2 0.070539 0.185897 0.023859 0.020833
2 0.053942 0.200321 0.025934 0.030449
2 0.016598 0.214744 0.026971 0.027244
2 0.043568 0.254808 0.029046 0.025641
2 0.018672 0.290064 0.022822 0.025641
2 0.024896 0.3125 0.025934 0.027244
2 0.010373 0.314103 0.020747 0.025641
2 0.01556 0.334936 0.025934 0.025641
2 0.033195 0.373397 0.028008 0.028846
2 0.01556 0.386218 0.028008 0.022436
2 0.005187 0.403846 0.020747 0.024038
2 0.036307 0.44391 0.024896 0.027244
2 0.036307 0.466346 0.023859 0.025641
2 0.004149 0.471154 0.024896 0.028846
2 0.005187 0.514423 0.020747 0.024038
2 0.029046 0.5 0.029046 0.024038
2 0.026971 0.516026 0.024896 0.024038
2 0.047718 0.538462 0.029046 0.025641
2 0.049793 0.596154 0.029046 0.025641
2 0.007261 0.657051 0.025934 0.025641
2 0.032158 0.684295 0.034232 0.027244
2 0.026971 0.705128 0.033195 0.020833
2 0.014523 0.722756 0.028008 0.025641
2 0.030083 0.722756 0.024896 0.025641
2 0.016598 0.738782 0.03112 0.024038
2 0.004149 0.761218 0.023859 0.024038
2 0.036307 0.766026 0.032158 0.022436
2 0.024896 0.80609 0.028008 0.027244
2 0.003112 0.810897 0.020747 0.024038
2 0.013485 0.850962 0.026971 0.028846
2 0.021784 0.863782 0.033195 0.019231
2 0.024896 0.900641 0.03527 0.025641
2 0.008299 0.975962 0.020747 0.032051
2 0.025934 0.963141 0.03112 0.032051
2 0.053942 0.950321 0.030083 0.025641
2 0.092324 0.951923 0.029046 0.030449
2 0.082988 0.958333 0.023859 0.025641
2 0.134855 0.990385 0.03112 0.024038
2 0.119295 0.945513 0.026971 0.028846
2 0.100622 0.921474 0.028008 0.025641
2 0.071577 0.918269 0.030083 0.028846
2 0.056017 0.894231 0.023859 0.027244
2 0.041494 0.884615 0.028008 0.028846
2 0.106846 0.894231 0.036307 0.024038
2 0.076763 0.884615 0.032158 0.028846
2 0.073651 0.863782 0.038382 0.025641
2 0.042531 0.855769 0.030083 0.020833
2 0.060166 0.849359 0.03112 0.022436
2 0.03527 0.838141 0.026971 0.025641
2 0.053942 0.834936 0.030083 0.024038
2 0.048755 0.81891 0.029046 0.024038
2 0.091286 0.831731 0.032158 0.025641
2 0.09751 0.836538 0.025934 0.024038
2 0.075726 0.823718 0.026971 0.027244
2 0.073651 0.814103 0.03112 0.027244
2 0.036307 0.798077 0.024896 0.025641
2 0.058091 0.796474 0.020747 0.022436
2 0.053942 0.766026 0.022822 0.024038
2 0.078838 0.786859 0.028008 0.032051
2 0.119295 0.817308 0.03112 0.025641
2 0.126556 0.801282 0.024896 0.024038
2 0.104772 0.80609 0.029046 0.025641
2 0.108921 0.796474 0.03112 0.025641
2 0.112033 0.783654 0.034232 0.027244
2 0.099585 0.764423 0.030083 0.022436
2 0.128631 0.753205 0.029046 0.025641
2 0.114108 0.748397 0.022822 0.025641
2 0.112033 0.730769 0.03112 0.027244
2 0.085062 0.745192 0.024896 0.025641
2 0.072614 0.738782 0.020747 0.030449
2 0.059129 0.730769 0.03112 0.022436
2 0.06639 0.69391 0.032158 0.028846
2 0.061203 0.68109 0.021784 0.025641
2 0.102697 0.701923 0.029046 0.025641
2 0.103734 0.676282 0.029046 0.025641
2 0.069502 0.639423 0.026971 0.028846
2 0.062241 0.616987 0.03112 0.022436
2 0.076763 0.612179 0.026971 0.025641
2 0.076763 0.597756 0.026971 0.020833
2 0.120332 0.661859 0.025934 0.024038
2 0.131743 0.657051 0.030083 0.025641
2 0.120332 0.652244 0.028008 0.022436
2 0.108921 0.636218 0.024896 0.020833
2 0.149378 0.636218 0.03527 0.022436
2 0.120332 0.604167 0.029046 0.020833
2 0.123444 0.594551 0.030083 0.017628
2 0.13278 0.576923 0.026971 0.028846
2 0.099585 0.573718 0.026971 0.028846
2 0.076763 0.552885 0.025934 0.028846
2 0.070539 0.544872 0.020747 0.022436
2 0.100622 0.55609 0.024896 0.025641
2 0.125519 0.541667 0.029046 0.025641
2 0.102697 0.522436 0.028008 0.025641
2 0.082988 0.496795 0.032158 0.020833
2 0.075726 0.477564 0.034232 0.020833
2 0.114108 0.474359 0.021784 0.030449
2 0.127593 0.463141 0.021784 0.024038
2 0.141079 0.456731 0.026971 0.024038
2 0.088174 0.427885 0.03112 0.022436
2 0.079876 0.415064 0.03112 0.030449
2 0.120332 0.399038 0.026971 0.027244
2 0.15249 0.442308 0.025934 0.022436
2 0.162863 0.472756 0.026971 0.027244
2 0.155602 0.519231 0.023859 0.025641
2 0.157676 0.55609 0.024896 0.024038
2 0.155602 0.576923 0.029046 0.022436
2 0.155602 0.616987 0.022822 0.022436
2 0.165975 0.616987 0.025934 0.020833
2 0.180498 0.612179 0.029046 0.022436
2 0.177386 0.604167 0.03112 0.019231
2 0.172199 0.657051 0.033195 0.025641
2 0.178423 0.684295 0.026971 0.020833
2 0.181535 0.676282 0.023859 0.022436
2 0.129668 0.709936 0.024896 0.025641
2 0.149378 0.721154 0.022822 0.025641
2 0.16805 0.746795 0.028008 0.024038
2 0.160788 0.727564 0.026971 0.022436
2 0.156639 0.770833 0.024896 0.022436
2 0.161826 0.790064 0.029046 0.020833
2 0.147303 0.825321 0.022822 0.022436
2 0.170124 0.826923 0.025934 0.025641
2 0.153527 0.897436 0.030083 0.025641
2 0.162863 0.895833 0.020747 0.020833
2 0.181535 0.899038 0.030083 0.024038
2 0.200207 0.897436 0.028008 0.027244
2 0.165975 0.913462 0.024896 0.024038
2 0.144191 0.927885 0.032158 0.022436
2 0.178423 0.932692 0.026971 0.027244
2 0.189834 0.948718 0.03112 0.020833
2 0.189834 0.961538 0.029046 0.024038
2 0.198133 0.939103 0.034232 0.027244
2 0.198133 0.926282 0.026971 0.022436
2 0.223029 0.926282 0.03112 0.024038
2 0.247925 0.990385 0.032158 0.024038
2 0.259336 0.959936 0.03527 0.025641
2 0.268672 0.921474 0.030083 0.020833
2 0.282158 0.923077 0.029046 0.020833
2 0.293568 0.972756 0.026971 0.024038
2 0.236515 0.899038 0.034232 0.020833
2 0.227178 0.892628 0.033195 0.024038
2 0.241701 0.88141 0.036307 0.022436
2 0.264523 0.908654 0.022822 0.020833
2 0.314315 0.907051 0.032158 0.024038
2 0.289419 0.897436 0.032158 0.022436
2 0.293568 0.873397 0.033195 0.022436
2 0.270747 0.86859 0.020747 0.030449
2 0.257261 0.850962 0.03112 0.022436
2 0.244813 0.842949 0.029046 0.022436
2 0.264523 0.822115 0.032158 0.020833
2 0.196058 0.823718 0.028008 0.024038
2 0.20332 0.81891 0.034232 0.024038
2 0.196058 0.804487 0.030083 0.019231
2 0.171162 0.802885 0.024896 0.024038
2 0.175311 0.783654 0.030083 0.024038
2 0.239627 0.796474 0.029046 0.027244
2 0.236515 0.780449 0.028008 0.024038
2 0.284232 0.775641 0.029046 0.027244
2 0.248963 0.772436 0.030083 0.025641
2 0.256224 0.746795 0.022822 0.025641
2 0.217842 0.738782 0.034232 0.019231
2 0.192946 0.737179 0.028008 0.024038
2 0.19917 0.737179 0.025934 0.019231
2 0.202282 0.724359 0.037344 0.017628
2 0.286307 0.729167 0.025934 0.025641
2 0.264523 0.722756 0.032158 0.024038
2 0.306017 0.711538 0.03112 0.025641
2 0.280083 0.679487 0.03112 0.022436
2 0.21888 0.68109 0.022822 0.028846
2 0.233402 0.676282 0.024896 0.025641
2 0.228216 0.639423 0.028008 0.022436
2 0.258299 0.641026 0.029046 0.025641
2 0.291494 0.644231 0.03527 0.019231
2 0.280083 0.63141 0.022822 0.022436
2 0.270747 0.621795 0.03112 0.016026
2 0.246888 0.625 0.034232 0.020833
2 0.209544 0.616987 0.034232 0.027244
2 0.23029 0.612179 0.032158 0.027244
2 0.255187 0.616987 0.022822 0.025641
2 0.252075 0.605769 0.022822 0.025641
2 0.210581 0.604167 0.030083 0.025641
2 0.23444 0.575321 0.026971 0.024038
2 0.191909 0.602564 0.028008 0.025641
2 0.185685 0.586538 0.020747 0.022436
2 0.196058 0.532051 0.03112 0.024038
2 0.215768 0.536859 0.032158 0.028846
2 0.225104 0.528846 0.028008 0.028846
2 0.221992 0.504808 0.029046 0.027244
2 0.210581 0.519231 0.020747 0.027244
2 0.242739 0.491987 0.03112 0.025641
2 0.182573 0.491987 0.026971 0.027244
2 0.191909 0.475962 0.026971 0.025641
2 0.209544 0.469551 0.024896 0.022436
2 0.160788 0.426282 0.03112 0.022436
2 0.184647 0.416667 0.030083 0.025641
2 0.105809 0.355769 0.03527 0.020833
2 0.065353 0.362179 0.029046 0.028846
2 0.051867 0.354167 0.029046 0.027244
2 0.062241 0.347756 0.020747 0.025641
2 0.040456 0.339744 0.026971 0.025641
2 0.094398 0.328526 0.03112 0.028846
2 0.058091 0.315705 0.024896 0.028846
2 0.074689 0.307692 0.026971 0.025641
2 0.062241 0.302885 0.01971 0.024038
2 0.067427 0.283654 0.023859 0.027244
2 0.122407 0.315705 0.025934 0.028846
2 0.110996 0.317308 0.022822 0.024038
2 0.10166 0.301282 0.028008 0.025641
2 0.128631 0.298077 0.029046 0.020833
2 0.128631 0.280449 0.024896 0.028846
2 0.150415 0.288462 0.025934 0.024038
2 0.165975 0.285256 0.025934 0.027244
2 0.180498 0.354167 0.028008 0.024038
2 0.196058 0.352564 0.022822 0.025641
2 0.220954 0.38141 0.020747 0.025641
2 0.240664 0.4375 0.022822 0.028846
2 0.196058 0.286859 0.020747 0.030449
2 0.173237 0.3125 0.023859 0.022436
2 0.179461 0.322115 0.030083 0.024038
2 0.210581 0.317308 0.024896 0.024038
2 0.223029 0.302885 0.024896 0.022436
2 0.247925 0.349359 0.03112 0.028846
2 0.100622 0.282051 0.020747 0.025641
2 0.108921 0.262821 0.030083 0.025641
2 0.076763 0.241987 0.025934 0.024038
2 0.074689 0.230769 0.024896 0.019231
2 0.114108 0.245192 0.020747 0.020833
2 0.108921 0.237179 0.028008 0.022436
2 0.11722 0.227564 0.029046 0.024038
2 0.114108 0.205128 0.026971 0.025641
2 0.146266 0.235577 0.020747 0.025641
2 0.156639 0.222756 0.028008 0.022436
2 0.200207 0.25641 0.03112 0.025641
2 0.207469 0.25 0.022822 0.022436
2 0.215768 0.232372 0.024896 0.025641
2 0.236515 0.227564 0.022822 0.025641
2 0.189834 0.205128 0.028008 0.020833
2 0.189834 0.195513 0.033195 0.019231
2 0.172199 0.182692 0.03112 0.022436
2 0.137967 0.160256 0.025934 0.027244
2 0.123444 0.125 0.030083 0.028846
2 0.094398 0.121795 0.023859 0.028846
2 0.126556 0.092949 0.025934 0.027244
2 0.09751 0.064103 0.026971 0.027244
2 0.073651 0.028846 0.025934 0.025641
2 0.079876 0.022436 0.022822 0.022436
2 0.115145 0.038462 0.022822 0.025641
2 0.154564 0.073718 0.023859 0.028846
2 0.162863 0.046474 0.022822 0.028846
2 0.211618 0.097756 0.024896 0.028846
2 0.174274 0.147436 0.022822 0.025641
2 0.227178 0.182692 0.03112 0.032051
2 0.239627 0.169872 0.029046 0.022436
2 0.245851 0.150641 0.022822 0.024038
2 0.258299 0.19391 0.030083 0.020833
2 0.256224 0.213141 0.022822 0.020833
2 0.255187 0.219551 0.026971 0.020833
2 0.263485 0.280449 0.026971 0.022436
2 0.256224 0.31891 0.022822 0.028846
2 0.257261 0.105769 0.024896 0.028846
2 0.243776 0.070513 0.020747 0.022436
2 0.236515 0.060897 0.023859 0.027244
2 0.256224 0.032051 0.025934 0.025641
2 0.275934 0.014423 0.022822 0.024038
2 0.288382 0.044872 0.026971 0.028846
2 0.30083 0.075321 0.020747 0.025641
2 0.298755 0.128205 0.020747 0.028846
2 0.320539 0.165064 0.025934 0.027244
2 0.327801 0.115385 0.020747 0.024038
2 0.330913 0.035256 0.020747 0.025641
2 0.354772 0.036859 0.020747 0.022436
2 0.372407 0.05609 0.020747 0.024038
2 0.352697 0.083333 0.029046 0.019231
2 0.375519 0.094551 0.026971 0.020833
2 0.373444 0.126603 0.020747 0.020833
2 0.386929 0.115385 0.025934 0.025641
2 0.393154 0.096154 0.020747 0.025641
2 0.404564 0.092949 0.029046 0.024038
2 0.425311 0.100962 0.020747 0.022436
2 0.419087 0.145833 0.024896 0.022436
2 0.469917 0.073718 0.029046 0.022436
2 0.451245 0.128205 0.026971 0.024038
2 0.469917 0.129808 0.022822 0.022436
2 0.491701 0.126603 0.029046 0.022436
2 0.514523 0.072115 0.025934 0.022436
2 0.521784 0.096154 0.020747 0.028846
2 0.522822 0.020833 0.022822 0.025641
2 0.539419 0.009615 0.020747 0.027244
2 0.547718 0.025641 0.022822 0.024038
2 0.567427 0.052885 0.026971 0.024038
2 0.58195 0.041667 0.029046 0.020833
2 0.575726 0.020833 0.022822 0.024038
2 0.60166 0.009615 0.020747 0.022436
2 0.684647 0.020833 0.026971 0.025641
2 0.631743 0.05609 0.024896 0.025641
2 0.678423 0.0625 0.022822 0.024038
2 0.70332 0.067308 0.022822 0.022436
2 0.728216 0.072115 0.025934 0.019231
2 0.739627 0.043269 0.024896 0.024038
2 0.843361 0.046474 0.020747 0.025641
2 0.854772 0.025641 0.024896 0.025641
2 0.878631 0.016026 0.020747 0.024038
2 0.903527 0.049679 0.024896 0.025641
2 0.924274 0.025641 0.021784 0.022436
2 0.945021 0.019231 0.024896 0.025641
2 0.947095 0.043269 0.030083 0.025641
2 0.966805 0.020833 0.023859 0.024038
2 0.976141 0.008013 0.022822 0.024038
2 0.994813 0.025641 0.020747 0.022436
2 0.909751 0.078526 0.023859 0.024038
2 0.975104 0.104167 0.029046 0.022436
2 0.95332 0.104167 0.025934 0.024038
2 0.9139 0.097756 0.024896 0.028846
2 0.93361 0.126603 0.029046 0.022436
2 0.930498 0.161859 0.029046 0.022436
2 0.932573 0.1875 0.022822 0.025641
2 0.983402 0.190705 0.022822 0.024038
2 0.98444 0.208333 0.030083 0.020833
2 0.956432 0.227564 0.026971 0.024038
2 0.919087 0.213141 0.025934 0.022436
2 0.899378 0.155449 0.021784 0.027244
2 0.893154 0.136218 0.025934 0.025641
2 0.893154 0.112179 0.022822 0.025641
2 0.841286 0.078526 0.022822 0.022436
2 0.849585 0.086538 0.023859 0.020833
2 0.812241 0.089744 0.022822 0.019231
2 0.789419 0.083333 0.022822 0.024038
2 0.782158 0.107372 0.032158 0.025641
2 0.756224 0.108974 0.020747 0.027244
2 0.845436 0.13141 0.025934 0.024038
2 0.606846 0.089744 0.023859 0.025641
2 0.538382 0.133013 0.025934 0.025641
2 0.506224 0.165064 0.026971 0.028846
2 0.523859 0.168269 0.029046 0.024038
2 0.561203 0.150641 0.023859 0.027244
2 0.595436 0.142628 0.026971 0.024038
2 0.665975 0.184295 0.032158 0.022436
2 0.631743 0.168269 0.029046 0.022436
2 0.593361 0.245192 0.025934 0.028846
2 0.679461 0.094551 0.028008 0.019231
2 0.672199 0.13141 0.03112 0.024038
2 0.686722 0.136218 0.025934 0.024038
2 0.723029 0.133013 0.034232 0.024038
2 0.614108 0.139423 0.033195 0.024038
2 0.619295 0.149038 0.028008 0.017628
2 0.662863 0.158654 0.029046 0.019231
2 0.691909 0.165064 0.022822 0.020833
2 0.715768 0.150641 0.026971 0.025641
2 0.753112 0.134615 0.022822 0.020833
2 0.770747 0.123397 0.022822 0.025641
2 0.827801 0.147436 0.029046 0.025641
2 0.841286 0.158654 0.020747 0.024038
2 0.85166 0.173077 0.022822 0.027244
2 0.866183 0.160256 0.022822 0.025641
2 0.866183 0.1875 0.022822 0.025641
2 0.85166 0.200321 0.025934 0.024038
2 0.827801 0.217949 0.028008 0.024038
2 0.817427 0.182692 0.024896 0.025641
2 0.799793 0.1875 0.021784 0.024038
2 0.789419 0.1875 0.020747 0.022436
2 0.774896 0.160256 0.021784 0.022436
2 0.755187 0.150641 0.026971 0.019231
2 0.738589 0.173077 0.020747 0.022436
2 0.772822 0.176282 0.022822 0.024038
2 0.767635 0.184295 0.022822 0.025641
2 0.782158 0.208333 0.026971 0.024038
2 0.73444 0.209936 0.022822 0.024038
2 0.712656 0.227564 0.025934 0.025641
2 0.746888 0.246795 0.028008 0.025641
2 0.76556 0.240385 0.029046 0.022436
2 0.772822 0.25641 0.029046 0.020833
2 0.771784 0.253205 0.03112 0.017628
2 0.68361 0.24359 0.030083 0.024038
2 0.633817 0.229167 0.026971 0.027244
2 0.825726 0.24359 0.029046 0.025641
2 0.837137 0.262821 0.024896 0.022436
2 0.824689 0.280449 0.022822 0.020833
2 0.827801 0.294872 0.022822 0.025641
2 0.858921 0.280449 0.022822 0.025641
2 0.885892 0.251603 0.03112 0.019231
2 0.880705 0.258013 0.036307 0.019231
2 0.88278 0.275641 0.022822 0.024038
2 0.917012 0.25 0.022822 0.025641
2 0.911826 0.278846 0.024896 0.025641
2 0.943983 0.248397 0.028008 0.019231
2 0.947095 0.262821 0.022822 0.020833
2 0.96473 0.280449 0.020747 0.024038
2 0.95332 0.290064 0.025934 0.024038
2 0.974066 0.3125 0.025934 0.024038
2 0.982365 0.371795 0.028008 0.024038
2 0.991701 0.370192 0.026971 0.024038
2 0.990664 0.379808 0.020747 0.020833
2 0.894191 0.320513 0.022822 0.027244
2 0.926349 0.344551 0.022822 0.022436
2 0.948133 0.362179 0.025934 0.024038
2 0.955394 0.375 0.024896 0.024038
2 0.932573 0.392628 0.025934 0.024038
2 0.905602 0.360577 0.025934 0.025641
2 0.914938 0.397436 0.030083 0.022436
2 0.924274 0.413462 0.025934 0.024038
2 0.927386 0.43109 0.024896 0.027244
2 0.992739 0.421474 0.021784 0.024038
2 0.986515 0.429487 0.024896 0.024038
2 0.96888 0.442308 0.022822 0.024038
2 0.96473 0.458333 0.022822 0.022436
2 0.993776 0.439103 0.020747 0.020833
2 0.990664 0.491987 0.020747 0.025641
2 0.96473 0.491987 0.024896 0.025641
2 0.976141 0.50641 0.024896 0.028846
2 0.95332 0.522436 0.03527 0.022436
2 0.909751 0.458333 0.022822 0.024038
2 0.895228 0.471154 0.028008 0.024038
2 0.893154 0.424679 0.022822 0.027244
2 0.891079 0.397436 0.022822 0.028846
2 0.884855 0.384615 0.020747 0.019231
2 0.870332 0.402244 0.023859 0.025641
2 0.856846 0.362179 0.023859 0.027244
2 0.858921 0.379808 0.021784 0.027244
2 0.856846 0.395833 0.021784 0.027244
2 0.856846 0.456731 0.030083 0.024038
2 0.832988 0.394231 0.023859 0.024038
2 0.822614 0.370192 0.021784 0.024038
2 0.814315 0.355769 0.020747 0.025641
2 0.79668 0.378205 0.03112 0.025641
2 0.808091 0.402244 0.022822 0.027244
2 0.782158 0.402244 0.030083 0.022436
2 0.760373 0.394231 0.030083 0.020833
2 0.830913 0.44391 0.026971 0.025641
2 0.824689 0.453526 0.022822 0.025641
2 0.811203 0.472756 0.022822 0.024038
2 0.811203 0.487179 0.021784 0.030449
2 0.78527 0.447115 0.021784 0.025641
2 0.753112 0.434295 0.028008 0.024038
2 0.738589 0.419872 0.021784 0.028846
2 0.737552 0.429487 0.021784 0.022436
2 0.721992 0.384615 0.021784 0.025641
2 0.745851 0.363782 0.021784 0.022436
2 0.743776 0.342949 0.029046 0.020833
2 0.80083 0.331731 0.023859 0.022436
2 0.788382 0.325321 0.024896 0.025641
2 0.771784 0.322115 0.029046 0.025641
2 0.76971 0.30609 0.025934 0.024038
2 0.73029 0.294872 0.033195 0.025641
2 0.727178 0.338141 0.030083 0.020833
2 0.715768 0.333333 0.030083 0.024038
2 0.713693 0.307692 0.021784 0.024038
2 0.690871 0.3125 0.032158 0.025641
2 0.688797 0.277244 0.023859 0.024038
2 0.65249 0.259615 0.022822 0.025641
2 0.645228 0.269231 0.026971 0.025641
2 0.673237 0.307692 0.020747 0.027244
2 0.667012 0.309295 0.028008 0.025641
2 0.647303 0.299679 0.020747 0.024038
2 0.635892 0.30609 0.024896 0.027244
2 0.618257 0.322115 0.020747 0.030449
2 0.602697 0.288462 0.020747 0.027244
2 0.596473 0.290064 0.020747 0.025641
2 0.572614 0.266026 0.020747 0.025641
2 0.559129 0.240385 0.023859 0.024038
2 0.547718 0.24359 0.020747 0.025641
2 0.552905 0.217949 0.025934 0.024038
2 0.554979 0.184295 0.025934 0.024038
2 0.543568 0.182692 0.026971 0.025641
2 0.506224 0.189103 0.023859 0.024038
2 0.498963 0.208333 0.023859 0.028846
2 0.517635 0.251603 0.028008 0.027244
2 0.475104 0.209936 0.028008 0.024038
2 0.46473 0.195513 0.03112 0.024038
2 0.451245 0.213141 0.03527 0.024038
2 0.375519 0.201923 0.025934 0.025641
2 0.306017 0.197115 0.025934 0.028846
2 0.291494 0.222756 0.022822 0.025641
2 0.276971 0.238782 0.029046 0.025641
2 0.284232 0.246795 0.022822 0.027244
2 0.330913 0.214744 0.021784 0.032051
2 0.3361 0.222756 0.020747 0.027244
2 0.315353 0.254808 0.030083 0.022436
2 0.41805 0.222756 0.034232 0.022436
2 0.425311 0.248397 0.022822 0.027244
2 0.445021 0.241987 0.020747 0.022436
2 0.440871 0.254808 0.021784 0.020833
2 0.481328 0.240385 0.03112 0.022436
2 0.458506 0.272436 0.020747 0.025641
2 0.486515 0.291667 0.020747 0.025641
2 0.513485 0.283654 0.030083 0.028846
2 0.544606 0.301282 0.024896 0.025641
2 0.532158 0.330128 0.020747 0.024038
2 0.53527 0.338141 0.022822 0.024038
2 0.564315 0.352564 0.020747 0.025641
2 0.595436 0.336538 0.029046 0.024038
2 0.600622 0.366987 0.030083 0.022436
2 0.587137 0.379808 0.024896 0.024038
2 0.629668 0.366987 0.028008 0.020833
2 0.615145 0.386218 0.029046 0.025641
2 0.66805 0.366987 0.022822 0.025641
2 0.680498 0.387821 0.029046 0.020833
2 0.682573 0.405449 0.023859 0.025641
2 0.626556 0.416667 0.023859 0.027244
2 0.645228 0.427885 0.03112 0.020833
2 0.662863 0.435897 0.028008 0.024038
2 0.667012 0.447115 0.026971 0.020833
2 0.680498 0.451923 0.022822 0.025641
2 0.671162 0.469551 0.026971 0.022436
2 0.709544 0.467949 0.022822 0.024038
2 0.702282 0.483974 0.022822 0.024038
2 0.706432 0.508013 0.030083 0.024038
2 0.736515 0.50641 0.029046 0.025641
2 0.756224 0.495192 0.024896 0.028846
2 0.759336 0.548077 0.024896 0.025641
2 0.812241 0.516026 0.032158 0.027244
2 0.844398 0.504808 0.029046 0.028846
2 0.84751 0.522436 0.022822 0.027244
2 0.862033 0.530449 0.022822 0.020833
2 0.883817 0.525641 0.021784 0.027244
2 0.909751 0.530449 0.022822 0.028846
2 0.927386 0.533654 0.030083 0.024038
2 0.917012 0.551282 0.028008 0.025641
2 0.790456 0.536859 0.022822 0.027244
2 0.808091 0.557692 0.025934 0.027244
2 0.858921 0.560897 0.030083 0.025641
2 0.917012 0.580128 0.034232 0.020833
2 0.957469 0.546474 0.020747 0.027244
2 0.959544 0.559295 0.020747 0.028846
2 0.974066 0.540064 0.028008 0.028846
2 0.932573 0.602564 0.032158 0.027244
2 0.962656 0.597756 0.020747 0.022436
2 0.963693 0.626603 0.029046 0.028846
2 0.954357 0.633013 0.020747 0.027244
2 0.93361 0.649038 0.024896 0.024038
2 0.931535 0.661859 0.028008 0.024038
2 0.86722 0.580128 0.021784 0.025641
2 0.875519 0.594551 0.030083 0.022436
2 0.865145 0.594551 0.024896 0.022436
2 0.855809 0.623397 0.022822 0.022436
2 0.825726 0.586538 0.024896 0.020833
2 0.825726 0.599359 0.030083 0.020833
2 0.807054 0.605769 0.029046 0.022436
2 0.79668 0.604167 0.029046 0.022436
2 0.793568 0.616987 0.025934 0.024038
2 0.783195 0.604167 0.021784 0.024038
2 0.774896 0.576923 0.022822 0.024038
2 0.753112 0.570513 0.020747 0.025641
2 0.738589 0.567308 0.030083 0.024038
2 0.720954 0.564103 0.030083 0.024038
2 0.70332 0.552885 0.030083 0.020833
2 0.712656 0.527244 0.033195 0.022436
2 0.686722 0.532051 0.020747 0.028846
2 0.677386 0.578526 0.034232 0.022436
2 0.684647 0.616987 0.029046 0.024038
2 0.732365 0.604167 0.03112 0.022436
2 0.741701 0.612179 0.024896 0.027244
2 0.759336 0.610577 0.022822 0.025641
2 0.75 0.629808 0.030083 0.024038
2 0.747925 0.644231 0.030083 0.020833
2 0.738589 0.650641 0.024896 0.027244
2 0.716805 0.653846 0.026971 0.024038
2 0.782158 0.657051 0.033195 0.025641
2 0.79668 0.652244 0.028008 0.020833
2 0.790456 0.661859 0.024896 0.022436
2 0.784232 0.674679 0.03112 0.022436
2 0.804979 0.671474 0.033195 0.024038
2 0.79668 0.679487 0.023859 0.024038
2 0.840249 0.647436 0.033195 0.024038
2 0.873444 0.657051 0.032158 0.024038
2 0.873444 0.674679 0.029046 0.020833
2 0.848548 0.677885 0.021784 0.027244
2 0.834025 0.682692 0.029046 0.024038
2 0.843361 0.695513 0.036307 0.028846
2 0.815353 0.701923 0.032158 0.025641
2 0.827801 0.709936 0.021784 0.024038
2 0.840249 0.730769 0.032158 0.024038
2 0.877593 0.692308 0.033195 0.020833
2 0.874481 0.709936 0.028008 0.025641
2 0.935685 0.682692 0.022822 0.027244
2 0.951245 0.692308 0.036307 0.020833
2 0.987552 0.689103 0.033195 0.024038
2 0.986515 0.711538 0.030083 0.022436
2 0.962656 0.709936 0.033195 0.020833
2 0.915975 0.703526 0.037344 0.022436
2 0.904564 0.717949 0.026971 0.027244
2 0.927386 0.724359 0.029046 0.025641
2 0.958506 0.732372 0.029046 0.025641
2 0.979253 0.740385 0.032158 0.028846
2 0.995851 0.766026 0.021784 0.025641
2 0.993776 0.788462 0.021784 0.025641
2 0.930498 0.74359 0.030083 0.022436
2 0.928423 0.758013 0.025934 0.028846
2 0.9139 0.733974 0.021784 0.025641
2 0.895228 0.745192 0.025934 0.025641
2 0.85166 0.751603 0.022822 0.024038
2 0.895228 0.778846 0.030083 0.027244
2 0.871369 0.791667 0.028008 0.030449
2 0.95332 0.799679 0.026971 0.027244
2 0.974066 0.814103 0.029046 0.024038
2 0.959544 0.810897 0.026971 0.020833
2 0.978216 0.88141 0.025934 0.027244
2 0.993776 0.886218 0.028008 0.024038
2 0.995851 0.903846 0.022822 0.028846
2 0.970954 0.916667 0.022822 0.028846
2 0.992739 0.963141 0.028008 0.025641
2 0.947095 0.876603 0.022822 0.027244
2 0.89834 0.825321 0.025934 0.027244
2 0.903527 0.836538 0.033195 0.025641
2 0.89834 0.849359 0.025934 0.025641
2 0.955394 0.903846 0.022822 0.024038
2 0.95332 0.926282 0.033195 0.027244
2 0.932573 0.894231 0.022822 0.025641
2 0.93361 0.940705 0.022822 0.028846
2 0.947095 0.961538 0.022822 0.027244
2 0.965768 0.974359 0.03527 0.027244
2 0.954357 0.99359 0.029046 0.028846
2 0.930498 0.988782 0.034232 0.025641
2 0.904564 0.980769 0.029046 0.024038
2 0.901452 0.964744 0.026971 0.028846
2 0.909751 0.903846 0.020747 0.025641
2 0.900415 0.908654 0.022822 0.027244
2 0.874481 0.985577 0.026971 0.028846
2 0.863071 0.980769 0.025934 0.024038
2 0.845436 0.990385 0.030083 0.027244
2 0.823651 0.990385 0.036307 0.024038
2 0.830913 0.979167 0.03527 0.027244
2 0.84751 0.963141 0.023859 0.025641
2 0.83195 0.950321 0.022822 0.025641
2 0.804979 0.977564 0.026971 0.025641
2 0.795643 0.974359 0.026971 0.028846
2 0.784232 0.940705 0.021784 0.025641
2 0.852697 0.894231 0.030083 0.024038
2 0.84751 0.866987 0.03527 0.022436
2 0.825726 0.862179 0.03527 0.027244
2 0.869295 0.823718 0.024896 0.027244
2 0.854772 0.820513 0.03112 0.025641
2 0.843361 0.774038 0.033195 0.025641
2 0.738589 0.971154 0.022822 0.030449
2 0.696058 0.99359 0.03112 0.027244
2 0.71473 0.947115 0.030083 0.027244
2 0.757261 0.935897 0.03112 0.025641
2 0.76556 0.939103 0.026971 0.027244
2 0.687759 0.966346 0.033195 0.025641
2 0.662863 0.969551 0.025934 0.024038
2 0.646266 0.971154 0.025934 0.028846
2 0.613071 0.987179 0.032158 0.025641
2 0.634855 0.972756 0.032158 0.024038
2 0.604772 0.979167 0.025934 0.022436
2 0.614108 0.975962 0.028008 0.024038
2 0.596473 0.966346 0.03112 0.024038
2 0.592324 0.950321 0.034232 0.027244
2 0.642116 0.945513 0.033195 0.027244
2 0.631743 0.947115 0.030083 0.022436
2 0.622407 0.93109 0.024896 0.024038
2 0.709544 0.919872 0.03527 0.022436
2 0.720954 0.889423 0.030083 0.030449
2 0.767635 0.887821 0.020747 0.020833
2 0.764523 0.897436 0.030083 0.020833
2 0.680498 0.886218 0.033195 0.027244
2 0.657676 0.911859 0.025934 0.022436
2 0.651452 0.900641 0.028008 0.024038
2 0.651452 0.894231 0.024896 0.019231
2 0.643154 0.895833 0.025934 0.025641
2 0.622407 0.892628 0.036307 0.024038
2 0.575726 0.911859 0.03112 0.027244
2 0.561203 0.971154 0.028008 0.024038
2 0.54668 0.972756 0.022822 0.028846
2 0.549793 0.988782 0.028008 0.024038
2 0.569502 0.990385 0.03112 0.024038
2 0.557054 0.99359 0.020747 0.020833
2 0.521784 0.990385 0.026971 0.024038
2 0.512448 0.966346 0.032158 0.027244
2 0.497925 0.977564 0.026971 0.024038
2 0.483402 0.967949 0.03112 0.028846
2 0.45332 0.975962 0.029046 0.025641
2 0.436722 0.983974 0.033195 0.025641
2 0.409751 0.983974 0.032158 0.025641
2 0.397303 0.990385 0.023859 0.020833
2 0.378631 0.990385 0.023859 0.014423
2 0.294606 0.998397 0.020747 0.020833
2 0.321577 0.979167 0.029046 0.022436
2 0.332988 0.991987 0.028008 0.024038
2 0.350622 0.985577 0.029046 0.024038
2 0.368257 0.980769 0.028008 0.022436
2 0.386929 0.982372 0.024896 0.017628
2 0.387967 0.972756 0.028008 0.022436
2 0.378631 0.971154 0.032158 0.027244
2 0.389004 0.963141 0.029046 0.025641
2 0.39834 0.958333 0.032158 0.025641
2 0.404564 0.953526 0.041494 0.022436
2 0.421162 0.971154 0.029046 0.024038
2 0.434647 0.940705 0.036307 0.024038
2 0.450207 0.939103 0.03112 0.028846
2 0.475104 0.940705 0.037344 0.025641
2 0.490664 0.926282 0.030083 0.024038
2 0.450207 0.921474 0.03527 0.024038
2 0.427386 0.934295 0.023859 0.028846
2 0.400415 0.923077 0.021784 0.027244
2 0.40249 0.915064 0.032158 0.025641
2 0.341286 0.948718 0.03112 0.027244
2 0.315353 0.951923 0.024896 0.022436
2 0.335062 0.940705 0.034232 0.032051
2 0.302905 0.940705 0.023859 0.024038
2 0.355809 0.921474 0.038382 0.025641
2 0.371369 0.911859 0.025934 0.025641
2 0.350622 0.908654 0.032158 0.024038
2 0.352697 0.900641 0.029046 0.024038
2 0.396266 0.892628 0.034232 0.022436
2 0.425311 0.886218 0.032158 0.025641
2 0.46888 0.902244 0.032158 0.028846
2 0.465768 0.887821 0.03527 0.022436
2 0.505187 0.892628 0.022822 0.027244
2 0.517635 0.895833 0.026971 0.025641
2 0.532158 0.902244 0.033195 0.027244
2 0.558091 0.895833 0.024896 0.027244
2 0.557054 0.88141 0.025934 0.028846
2 0.585062 0.870192 0.030083 0.032051
2 0.563278 0.870192 0.024896 0.027244
2 0.620332 0.847756 0.021784 0.030449
2 0.60166 0.846154 0.023859 0.027244
2 0.606846 0.841346 0.028008 0.025641
2 0.578838 0.841346 0.022822 0.032051
2 0.585062 0.839744 0.03112 0.032051
2 0.657676 0.866987 0.029046 0.024038
2 0.665975 0.855769 0.032158 0.022436
2 0.662863 0.846154 0.029046 0.022436
2 0.674274 0.830128 0.034232 0.030449
2 0.752075 0.852564 0.033195 0.024038
2 0.738589 0.822115 0.032158 0.024038
2 0.764523 0.823718 0.024896 0.027244
2 0.795643 0.822115 0.023859 0.030449
2 0.782158 0.774038 0.020747 0.032051
2 0.768672 0.786859 0.017635 0.025641
2 0.762448 0.778846 0.024896 0.028846
2 0.767635 0.751603 0.024896 0.025641
2 0.821577 0.740385 0.032158 0.027244
2 0.801867 0.746795 0.032158 0.024038
2 0.790456 0.735577 0.032158 0.028846
2 0.779046 0.701923 0.026971 0.027244
2 0.759336 0.724359 0.032158 0.032051
2 0.747925 0.705128 0.038382 0.024038
2 0.744813 0.684295 0.020747 0.032051
2 0.732365 0.690705 0.028008 0.025641
2 0.724066 0.69391 0.024896 0.025641
2 0.715768 0.724359 0.025934 0.025641
2 0.69917 0.796474 0.020747 0.032051
2 0.692946 0.724359 0.028008 0.027244
2 0.70332 0.708333 0.030083 0.032051
2 0.684647 0.697115 0.026971 0.025641
2 0.693983 0.665064 0.028008 0.027244
2 0.662863 0.717949 0.03527 0.030449
2 0.677386 0.758013 0.028008 0.027244
2 0.675311 0.801282 0.034232 0.028846
2 0.654564 0.801282 0.032158 0.022436
2 0.645228 0.790064 0.03112 0.027244
2 0.623444 0.814103 0.028008 0.025641
2 0.604772 0.814103 0.030083 0.022436
2 0.526971 0.855769 0.023859 0.027244
2 0.534232 0.841346 0.024896 0.027244
2 0.536307 0.81891 0.032158 0.027244
2 0.511411 0.820513 0.03112 0.027244
2 0.497925 0.846154 0.03112 0.025641
2 0.474066 0.862179 0.023859 0.025641
2 0.463693 0.855769 0.029046 0.025641
2 0.417012 0.875 0.024896 0.025641
2 0.400415 0.883013 0.022822 0.025641
2 0.445021 0.860577 0.032158 0.027244
2 0.438797 0.857372 0.024896 0.028846
2 0.376556 0.875 0.020747 0.025641
2 0.380705 0.863782 0.025934 0.025641
2 0.38278 0.842949 0.030083 0.030449
2 0.352697 0.850962 0.032158 0.025641
2 0.339212 0.858974 0.026971 0.028846
2 0.339212 0.839744 0.026971 0.030449
2 0.359959 0.823718 0.025934 0.028846
2 0.38278 0.81891 0.024896 0.027244
2 0.4139 0.815705 0.026971 0.030449
2 0.423237 0.814103 0.021784 0.032051
2 0.43361 0.780449 0.020747 0.032051
2 0.405602 0.778846 0.020747 0.032051
2 0.364108 0.788462 0.021784 0.032051
2 0.368257 0.782051 0.030083 0.032051
2 0.309129 0.81891 0.030083 0.025641
2 0.297718 0.8125 0.023859 0.025641
2 0.31639 0.80609 0.033195 0.027244
2 0.326763 0.801282 0.030083 0.025641
2 0.337137 0.791667 0.032158 0.024038
2 0.318465 0.794872 0.024896 0.025641
2 0.318465 0.777244 0.033195 0.022436
2 0.338174 0.754808 0.03112 0.028846
2 0.368257 0.759615 0.028008 0.027244
2 0.373444 0.738782 0.030083 0.027244
2 0.328838 0.733974 0.026971 0.027244
2 0.330913 0.697115 0.023859 0.028846
2 0.321577 0.701923 0.025934 0.025641
2 0.33195 0.676282 0.03527 0.025641
2 0.355809 0.689103 0.030083 0.025641
2 0.360996 0.673077 0.022822 0.025641
2 0.375519 0.706731 0.028008 0.027244
2 0.404564 0.722756 0.034232 0.022436
2 0.425311 0.733974 0.034232 0.025641
2 0.412863 0.711538 0.028008 0.025641
2 0.434647 0.724359 0.023859 0.025641
2 0.452282 0.716346 0.032158 0.025641
2 0.396266 0.676282 0.032158 0.028846
2 0.387967 0.665064 0.023859 0.027244
2 0.408714 0.63141 0.029046 0.028846
2 0.341286 0.591346 0.026971 0.024038
2 0.312241 0.607372 0.028008 0.028846
2 0.323651 0.604167 0.026971 0.024038
2 0.290456 0.600962 0.025934 0.025641
2 0.294606 0.591346 0.034232 0.025641
2 0.287344 0.583333 0.025934 0.025641
2 0.273859 0.554487 0.032158 0.024038
2 0.297718 0.5625 0.025934 0.028846
2 0.312241 0.578526 0.032158 0.022436
2 0.33195 0.576923 0.032158 0.028846
2 0.384855 0.599359 0.028008 0.025641
2 0.393154 0.583333 0.022822 0.027244
2 0.381743 0.573718 0.028008 0.028846
2 0.362033 0.564103 0.029046 0.025641
2 0.372407 0.5625 0.026971 0.028846
2 0.264523 0.517628 0.020747 0.025641
2 0.3361 0.527244 0.023859 0.027244
2 0.337137 0.511218 0.023859 0.028846
2 0.275934 0.482372 0.021784 0.025641
2 0.254149 0.469551 0.025934 0.028846
2 0.288382 0.474359 0.029046 0.025641
2 0.282158 0.463141 0.025934 0.025641
2 0.274896 0.451923 0.032158 0.024038
2 0.297718 0.445513 0.029046 0.024038
2 0.26556 0.429487 0.025934 0.022436
2 0.282158 0.415064 0.030083 0.027244
2 0.274896 0.392628 0.023859 0.025641
2 0.302905 0.373397 0.033195 0.022436
2 0.309129 0.354167 0.028008 0.024038
2 0.28527 0.344551 0.030083 0.028846
2 0.280083 0.309295 0.024896 0.025641
2 0.299793 0.272436 0.030083 0.027244
2 0.341286 0.264423 0.026971 0.028846
2 0.354772 0.254808 0.023859 0.028846
2 0.315353 0.296474 0.023859 0.027244
2 0.341286 0.296474 0.028008 0.027244
2 0.357884 0.296474 0.023859 0.027244
2 0.378631 0.294872 0.029046 0.027244
2 0.373444 0.304487 0.021784 0.022436
2 0.399378 0.285256 0.029046 0.025641
2 0.4139 0.280449 0.024896 0.028846
2 0.341286 0.346154 0.03112 0.025641
2 0.376556 0.328526 0.026971 0.027244
2 0.357884 0.358974 0.029046 0.027244
2 0.338174 0.392628 0.025934 0.028846
2 0.323651 0.423077 0.022822 0.030449
2 0.323651 0.4375 0.022822 0.030449
2 0.343361 0.407051 0.023859 0.027244
2 0.357884 0.395833 0.025934 0.025641
2 0.369295 0.391026 0.030083 0.028846
2 0.394191 0.366987 0.029046 0.024038
2 0.390041 0.403846 0.023859 0.025641
2 0.428423 0.376603 0.029046 0.025641
2 0.429461 0.355769 0.022822 0.025641
2 0.415975 0.330128 0.028008 0.024038
2 0.412863 0.320513 0.024896 0.027244
2 0.439834 0.315705 0.024896 0.025641
2 0.46888 0.304487 0.03112 0.025641
2 0.454357 0.357372 0.021784 0.025641
2 0.46888 0.363782 0.030083 0.024038
2 0.516598 0.344551 0.030083 0.024038
2 0.475104 0.371795 0.024896 0.022436
2 0.501037 0.362179 0.022822 0.024038
2 0.512448 0.363782 0.023859 0.024038
2 0.549793 0.366987 0.022822 0.027244
2 0.556017 0.400641 0.023859 0.025641
2 0.51556 0.411859 0.03112 0.025641
2 0.517635 0.429487 0.025934 0.025641
2 0.537344 0.453526 0.029046 0.024038
2 0.565353 0.442308 0.022822 0.027244
2 0.590249 0.442308 0.032158 0.024038
2 0.63278 0.459936 0.03527 0.020833
2 0.647303 0.455128 0.025934 0.024038
2 0.654564 0.491987 0.023859 0.022436
2 0.655602 0.504808 0.022822 0.024038
2 0.60166 0.487179 0.032158 0.017628
2 0.567427 0.464744 0.030083 0.024038
2 0.569502 0.487179 0.03112 0.024038
2 0.599585 0.504808 0.029046 0.025641
2 0.604772 0.541667 0.03112 0.025641
2 0.541494 0.482372 0.026971 0.025641
2 0.665975 0.541667 0.020747 0.022436
2 0.651452 0.533654 0.020747 0.025641
2 0.651452 0.541667 0.028008 0.022436
2 0.634855 0.549679 0.025934 0.024038
2 0.642116 0.554487 0.025934 0.025641
2 0.55083 0.516026 0.026971 0.027244
2 0.509336 0.479167 0.026971 0.025641
2 0.497925 0.501603 0.030083 0.022436
2 0.467842 0.405449 0.026971 0.028846
2 0.437759 0.400641 0.022822 0.027244
2 0.39834 0.427885 0.03112 0.022436
2 0.381743 0.4375 0.024896 0.027244
2 0.346473 0.466346 0.022822 0.025641
2 0.345436 0.479167 0.030083 0.024038
2 0.364108 0.471154 0.022822 0.025641
2 0.429461 0.43109 0.024896 0.027244
2 0.454357 0.432692 0.022822 0.032051
2 0.436722 0.466346 0.020747 0.024038
2 0.415975 0.501603 0.029046 0.022436
2 0.401452 0.520833 0.023859 0.027244
2 0.415975 0.517628 0.030083 0.027244
2 0.4139 0.546474 0.023859 0.024038
2 0.465768 0.459936 0.029046 0.025641
2 0.465768 0.469551 0.028008 0.022436
2 0.460581 0.483974 0.033195 0.022436
2 0.448133 0.519231 0.020747 0.024038
2 0.454357 0.548077 0.024896 0.027244
2 0.43361 0.5625 0.023859 0.027244
2 0.448133 0.572115 0.028008 0.024038
2 0.462656 0.572115 0.030083 0.027244
2 0.490664 0.55609 0.026971 0.025641
2 0.497925 0.559295 0.024896 0.024038
2 0.491701 0.575321 0.026971 0.025641
2 0.530083 0.527244 0.03112 0.024038
2 0.520747 0.546474 0.023859 0.028846
2 0.530083 0.554487 0.024896 0.025641
2 0.559129 0.540064 0.023859 0.025641
2 0.570539 0.588141 0.023859 0.028846
2 0.541494 0.594551 0.024896 0.025641
2 0.564315 0.616987 0.026971 0.027244
2 0.593361 0.594551 0.029046 0.027244
2 0.58195 0.612179 0.03112 0.025641
2 0.636929 0.621795 0.025934 0.025641
2 0.636929 0.650641 0.030083 0.025641
2 0.626556 0.666667 0.021784 0.028846
2 0.656639 0.684295 0.023859 0.025641
2 0.654564 0.698718 0.032158 0.022436
2 0.659751 0.690705 0.03112 0.020833
2 0.649378 0.733974 0.026971 0.027244
2 0.605809 0.74359 0.03527 0.022436
2 0.607884 0.725962 0.028008 0.019231
2 0.58195 0.799679 0.036307 0.025641
2 0.570539 0.799679 0.026971 0.027244
2 0.573651 0.778846 0.029046 0.027244
2 0.530083 0.774038 0.024896 0.025641
2 0.481328 0.841346 0.025934 0.025641
2 0.483402 0.834936 0.026971 0.027244
2 0.491701 0.762821 0.028008 0.025641
2 0.488589 0.74359 0.025934 0.024038
2 0.493776 0.729167 0.024896 0.027244
2 0.51971 0.74359 0.023859 0.027244
2 0.541494 0.741987 0.025934 0.025641
2 0.563278 0.751603 0.022822 0.030449
2 0.549793 0.733974 0.026971 0.027244
2 0.538382 0.703526 0.034232 0.028846
2 0.494813 0.690705 0.028008 0.030449
2 0.461618 0.679487 0.024896 0.028846
2 0.448133 0.660256 0.022822 0.032051
2 0.450207 0.647436 0.023859 0.024038
2 0.443983 0.63141 0.028008 0.025641
2 0.430498 0.608974 0.029046 0.027244
2 0.454357 0.604167 0.025934 0.028846
2 0.479253 0.639423 0.021784 0.028846
2 0.505187 0.629808 0.03112 0.025641
2 0.514523 0.61859 0.021784 0.030449
2 0.520747 0.642628 0.029046 0.024038
2 0.549793 0.633013 0.024896 0.027244
2 0.522822 0.668269 0.033195 0.028846
2 0.549793 0.68109 0.033195 0.024038
2 0.585062 0.700321 0.03112 0.024038
2 0.599585 0.701923 0.023859 0.025641
2 0.600622 0.676282 0.028008 0.025641
