0 0.184375 0.976448 0.018750 0.019305
0 0.270313 0.907336 0.018750 0.018533
0 0.237500 0.903475 0.056250 0.054054
0 0.510938 0.938224 0.068750 0.069498
0 0.203125 0.621236 0.021875 0.020849
0 0.223047 0.641699 0.067969 0.066409
0 0.533594 0.664865 0.018750 0.018533
0 0.511328 0.638610 0.058594 0.057143
0 0.677344 0.653282 0.018750 0.018533
0 0.704688 0.611197 0.078125 0.076448
0 0.022266 0.457529 0.041406 0.062548
0 0.142969 0.976834 0.073438 0.046332
0 0.017969 0.353282 0.034375 0.070270
0 0.094141 0.099228 0.063281 0.033205
0 0.144922 0.101931 0.017969 0.018533
0 0.223438 0.157143 0.018750 0.030116
0 0.282422 0.157143 0.019531 0.027027
0 0.304688 0.191892 0.025000 0.027027
0 0.391797 0.233205 0.016406 0.015444
0 0.414844 0.230116 0.023438 0.023166
0 0.800781 0.545946 0.015625 0.023166
0 0.801562 0.571815 0.025000 0.020849
0 0.807422 0.684942 0.036719 0.026255
0 0.845313 0.749421 0.015625 0.016216
0 0.892188 0.765251 0.015625 0.018533
0 0.885547 0.786873 0.013281 0.010811
0 0.898438 0.803475 0.012500 0.019305
0 0.872266 0.795753 0.017969 0.019305
0 0.885938 0.868726 0.043750 0.046332
0 0.900391 0.968726 0.035156 0.042471
0 0.841797 0.903475 0.017969 0.018533
0 0.190625 0.099614 0.015625 0.007722
0 0.368750 0.157143 0.015625 0.011583
0 0.620313 0.403475 0.015625 0.014672
0 0.605859 0.372201 0.055469 0.061776
0 0.697656 0.403475 0.046875 0.045560
0 0.653906 0.366023 0.045312 0.054054
0 0.081641 0.766409 0.024219 0.025483
0 0.036719 0.737066 0.057813 0.059459
0 0.014453 0.852124 0.027344 0.023938
