0 0.184375 0.976448 0.018750 0.019305
0 0.270703 0.907336 0.019531 0.018533
0 0.237500 0.903475 0.056250 0.054054
0 0.510938 0.938224 0.068750 0.069498
0 0.203906 0.621236 0.021875 0.020849
0 0.223047 0.641699 0.067969 0.066409
0 0.533594 0.664865 0.018750 0.018533
0 0.512109 0.639382 0.058594 0.057143
0 0.677344 0.653282 0.018750 0.018533
0 0.705078 0.611197 0.077344 0.076448
0 0.022266 0.457915 0.041406 0.063320
0 0.142969 0.976834 0.073438 0.046332
0 0.018359 0.353282 0.035156 0.070270
0 0.094141 0.099228 0.063281 0.033205
0 0.144922 0.101931 0.017969 0.018533
0 0.223438 0.157143 0.018750 0.030116
0 0.282422 0.157143 0.019531 0.027027
0 0.304688 0.191892 0.025000 0.027027
0 0.391797 0.233205 0.016406 0.015444
0 0.414844 0.230116 0.023438 0.023166
0 0.801562 0.545946 0.015625 0.023166
0 0.801953 0.571815 0.024219 0.020849
0 0.807422 0.685328 0.036719 0.025483
0 0.845313 0.749421 0.015625 0.016216
0 0.892578 0.765637 0.014844 0.017761
0 0.885547 0.786873 0.013281 0.010811
0 0.898438 0.803475 0.012500 0.019305
0 0.872266 0.796139 0.017969 0.018533
0 0.886328 0.868726 0.042969 0.046332
0 0.900781 0.969112 0.035937 0.043243
0 0.841797 0.903475 0.017969 0.018533
0 0.191406 0.100000 0.015625 0.008494
0 0.368750 0.157143 0.015625 0.011583
0 0.620703 0.403861 0.014844 0.013900
0 0.606250 0.372587 0.056250 0.062548
0 0.698047 0.403475 0.047656 0.045560
0 0.654687 0.366795 0.045312 0.054054
