0 0.184375 0.976448 0.018750 0.019305
0 0.270313 0.907336 0.018750 0.018533
0 0.237500 0.903475 0.056250 0.054054
0 0.510938 0.934363 0.065625 0.061776
0 0.203125 0.621236 0.021875 0.020849
0 0.223047 0.641699 0.067969 0.066409
0 0.533594 0.664865 0.018750 0.018533
0 0.510938 0.638224 0.059375 0.057915
0 0.677344 0.653282 0.018750 0.018533
0 0.704688 0.611197 0.078125 0.076448
0 0.022266 0.457143 0.041406 0.061776
0 0.142969 0.976834 0.073438 0.046332
0 0.017969 0.353282 0.034375 0.070270
0 0.094141 0.099228 0.063281 0.033205
0 0.144922 0.101931 0.017969 0.018533
0 0.223438 0.157143 0.018750 0.030116
0 0.282422 0.157143 0.019531 0.027027
0 0.304688 0.191892 0.025000 0.027027
0 0.391797 0.233205 0.016406 0.015444
0 0.414844 0.230116 0.023438 0.023166
0 0.800000 0.545946 0.015625 0.023166
0 0.800000 0.571815 0.025000 0.020849
0 0.807422 0.684556 0.036719 0.027027
0 0.845313 0.749421 0.015625 0.016216
0 0.892188 0.764865 0.015625 0.019305
0 0.885547 0.786873 0.013281 0.010811
0 0.898438 0.803475 0.012500 0.019305
0 0.872266 0.795753 0.017969 0.019305
0 0.885938 0.868726 0.043750 0.046332
0 0.900391 0.968726 0.035156 0.042471
0 0.841797 0.903475 0.017969 0.018533
0 0.190625 0.099614 0.015625 0.007722
0 0.368750 0.157143 0.015625 0.011583
0 0.620313 0.403475 0.015625 0.014672
0 0.604688 0.372201 0.056250 0.061776
0 0.696875 0.403475 0.046875 0.045560
0 0.653516 0.365251 0.044531 0.054054
0 0.081641 0.764865 0.024219 0.027027
0 0.036719 0.737066 0.057813 0.059459
0 0.014453 0.852124 0.027344 0.023938
0 0.065625 0.672587 0.068750 0.069498
0 0.018750 0.641699 0.018750 0.030888
0 0.006641 0.609653 0.011719 0.016216
0 0.129297 0.595753 0.028906 0.022394
0 0.129688 0.549421 0.021875 0.027027
0 0.057813 0.514672 0.021875 0.027027
0 0.056250 0.568726 0.018750 0.027027
0 0.178516 0.688417 0.024219 0.019305
0 0.210938 0.710039 0.018750 0.022394
0 0.262891 0.818147 0.024219 0.017761
0 0.232813 0.817761 0.021875 0.018533
0 0.279297 0.849421 0.019531 0.023166
0 0.481641 0.980309 0.046094 0.034749
0 0.415625 0.949807 0.021875 0.023166
0 0.441797 0.980309 0.019531 0.019305
0 0.517969 0.845560 0.020313 0.015444
0 0.548047 0.828958 0.017969 0.011583
0 0.550000 0.803475 0.028125 0.030116
0 0.615625 0.795753 0.018750 0.022394
0 0.635938 0.832819 0.018750 0.017761
0 0.616016 0.857529 0.061719 0.065637
0 0.394922 0.742085 0.008594 0.007722
0 0.376563 0.730116 0.057813 0.050193
0 0.364844 0.776448 0.060937 0.053282
0 0.419141 0.799228 0.025781 0.023166
0 0.421094 0.822008 0.015625 0.014672
0 0.472266 0.746332 0.028906 0.023938
0 0.459375 0.700000 0.028125 0.023938
0 0.341016 0.676062 0.035156 0.028571
0 0.335938 0.523166 0.012500 0.014672
0 0.357812 0.507722 0.015625 0.016216
0 0.320312 0.511969 0.040625 0.043243
0 0.335156 0.567568 0.021875 0.021622
0 0.342187 0.593436 0.018750 0.019305
0 0.609766 0.740541 0.022656 0.020077
0 0.635547 0.754054 0.016406 0.022394
