0 0.976448 0.815625 0.01875 0.019305
0 0.907336 0.729297 0.019531 0.018533
0 0.903475 0.7625000000000001 0.05625 0.054054
0 0.938224 0.489062 0.06875 0.069498
0 0.621236 0.796094 0.021875 0.020849
0 0.641699 0.776953 0.067969 0.066409
0 0.664865 0.466406 0.01875 0.018533
0 0.6393819999999999 0.48789099999999996 0.058594 0.057143
0 0.653282 0.32265600000000005 0.01875 0.018533
0 0.6111970000000001 0.294922 0.077344 0.076448
0 0.45791499999999996 0.9777340000000001 0.041406 0.06332
0 0.976834 0.8570310000000001 0.073438 0.046332
0 0.353282 0.981641 0.035156 0.07027
0 0.09922799999999998 0.9058590000000001 0.063281 0.033205
0 0.101931 0.855078 0.017969 0.018533
0 0.15714299999999998 0.776562 0.01875 0.030116
0 0.15714300000000003 0.7175779999999999 0.019531 0.027027
0 0.19189200000000006 0.6953119999999999 0.025 0.027027
0 0.233205 0.6082029999999999 0.016406 0.015444
0 0.230116 0.585156 0.023438 0.023166
0 0.545946 0.19843799999999998 0.015625 0.023166
0 0.571815 0.19804699999999997 0.024219 0.020849
0 0.685328 0.19257800000000005 0.036719 0.025483
0 0.749421 0.15468700000000002 0.015625 0.016216
0 0.765637 0.10742199999999999 0.014844 0.017761
0 0.786873 0.11445300000000001 0.013281 0.010811
0 0.803475 0.10156200000000003 0.0125 0.019305
0 0.796139 0.127734 0.017969 0.018533
0 0.8687259999999999 0.11367200000000001 0.042969 0.046332
0 0.969112 0.09921900000000003 0.035937 0.043243
0 0.903475 0.15820299999999995 0.017969 0.018533
0 0.09999999999999998 0.808594 0.015625 0.008494
0 0.15714300000000003 0.63125 0.015625 0.011583
0 0.403861 0.379297 0.014844 0.0139
0 0.372587 0.39375000000000004 0.05625 0.062548
0 0.403475 0.301953 0.047656 0.04556
0 0.366795 0.345313 0.045312 0.054054
