0 0.976448 0.815625 0.01875 0.019305
0 0.907336 0.729687 0.01875 0.018533
0 0.903475 0.7625000000000001 0.05625 0.054054
0 0.938224 0.489062 0.06875 0.069498
0 0.621236 0.796875 0.021875 0.020849
0 0.641699 0.776953 0.067969 0.066409
0 0.664865 0.466406 0.01875 0.018533
0 0.6386099999999999 0.488672 0.058594 0.057143
0 0.653282 0.32265600000000005 0.01875 0.018533
0 0.6111970000000001 0.295312 0.078125 0.076448
0 0.45752899999999996 0.9777340000000001 0.041406 0.062548
0 0.976834 0.8570310000000001 0.073438 0.046332
0 0.353282 0.9820310000000001 0.034375 0.07027
0 0.09922799999999998 0.9058590000000001 0.063281 0.033205
0 0.101931 0.855078 0.017969 0.018533
0 0.15714299999999998 0.776562 0.01875 0.030116
0 0.15714300000000003 0.7175779999999999 0.019531 0.027027
0 0.19189200000000006 0.6953119999999999 0.025 0.027027
0 0.233205 0.6082029999999999 0.016406 0.015444
0 0.230116 0.585156 0.023438 0.023166
0 0.545946 0.199219 0.015625 0.023166
0 0.571815 0.198438 0.025 0.020849
0 0.684942 0.192578 0.036719 0.026255
0 0.749421 0.15468700000000002 0.015625 0.016216
0 0.765251 0.10781199999999999 0.015625 0.018533
0 0.786873 0.11445300000000001 0.013281 0.010811
0 0.803475 0.10156200000000003 0.0125 0.019305
0 0.795753 0.127734 0.017969 0.019305
0 0.8687259999999999 0.11406200000000001 0.04375 0.046332
0 0.968726 0.09960900000000003 0.035156 0.042471
0 0.903475 0.15820299999999995 0.017969 0.018533
0 0.09961399999999998 0.809375 0.015625 0.007722
0 0.15714300000000003 0.63125 0.015625 0.011583
0 0.403475 0.379687 0.015625 0.014672
0 0.372201 0.39414099999999996 0.055469 0.061776
0 0.403475 0.30234399999999995 0.046875 0.04556
0 0.366023 0.346094 0.045312 0.054054
0 0.7664089999999999 0.918359 0.024219 0.025483
0 0.7370659999999999 0.963281 0.057813 0.059459
0 0.8521239999999999 0.985547 0.027344 0.023938
