0 0.976448 0.815625 0.01875 0.019305
0 0.907336 0.729687 0.01875 0.018533
0 0.903475 0.7625000000000001 0.05625 0.054054
0 0.934363 0.489062 0.065625 0.061776
0 0.621236 0.796875 0.021875 0.020849
0 0.641699 0.776953 0.067969 0.066409
0 0.664865 0.466406 0.01875 0.018533
0 0.6382239999999999 0.489062 0.059375 0.057915
0 0.653282 0.32265600000000005 0.01875 0.018533
0 0.6111970000000001 0.295312 0.078125 0.076448
0 0.45714299999999997 0.9777340000000001 0.041406 0.061776
0 0.976834 0.8570310000000001 0.073438 0.046332
0 0.353282 0.9820310000000001 0.034375 0.07027
0 0.09922799999999998 0.9058590000000001 0.063281 0.033205
0 0.101931 0.855078 0.017969 0.018533
0 0.15714299999999998 0.776562 0.01875 0.030116
0 0.15714300000000003 0.7175779999999999 0.019531 0.027027
0 0.19189200000000006 0.6953119999999999 0.025 0.027027
0 0.233205 0.6082029999999999 0.016406 0.015444
0 0.230116 0.585156 0.023438 0.023166
0 0.545946 0.19999999999999993 0.015625 0.023166
0 0.571815 0.19999999999999996 0.025 0.020849
0 0.684556 0.192578 0.036719 0.027027
0 0.749421 0.15468700000000002 0.015625 0.016216
0 0.764865 0.107812 0.015625 0.019305
0 0.786873 0.11445300000000001 0.013281 0.010811
0 0.803475 0.10156200000000003 0.0125 0.019305
0 0.795753 0.127734 0.017969 0.019305
0 0.8687259999999999 0.11406200000000001 0.04375 0.046332
0 0.968726 0.09960900000000003 0.035156 0.042471
0 0.903475 0.15820299999999995 0.017969 0.018533
0 0.09961399999999998 0.809375 0.015625 0.007722
0 0.15714300000000003 0.63125 0.015625 0.011583
0 0.403475 0.379687 0.015625 0.014672
0 0.372201 0.395312 0.05625 0.061776
0 0.403475 0.303125 0.046875 0.04556
0 0.365251 0.346484 0.044531 0.054054
0 0.764865 0.918359 0.024219 0.027027
0 0.7370659999999999 0.963281 0.057813 0.059459
0 0.8521239999999999 0.985547 0.027344 0.023938
0 0.6725869999999999 0.933594 0.06875 0.069498
0 0.641699 0.98125 0.01875 0.030888
0 0.609653 0.993359 0.011719 0.016216
0 0.595753 0.870703 0.028906 0.022394
0 0.549421 0.870312 0.021875 0.027027
0 0.514672 0.941016 0.022656 0.027027
0 0.568726 0.94375 0.01875 0.027027
0 0.688417 0.821484 0.024219 0.019305
0 0.710039 0.789062 0.01875 0.022394
0 0.818147 0.737109 0.024219 0.017761
0 0.817761 0.767187 0.021875 0.018533
0 0.849421 0.720703 0.019531 0.023166
0 0.981081 0.518359 0.046094 0.034749
0 0.949807 0.582813 0.021875 0.023166
0 0.980309 0.558203 0.019531 0.019305
0 0.845946 0.482031 0.020313 0.014672
0 0.828958 0.45195300000000005 0.017969 0.011583
0 0.804633 0.44921900000000003 0.028125 0.032432
0 0.796911 0.384375 0.01875 0.02471
0 0.832819 0.363672 0.017969 0.017761
0 0.858687 0.38398400000000005 0.061719 0.066409
0 0.744015 0.605078 0.008594 0.00695
0 0.73166 0.6234370000000001 0.057813 0.050193
0 0.777606 0.635156 0.060937 0.054054
0 0.799228 0.580859 0.025781 0.023166
0 0.822008 0.578906 0.015625 0.014672
