0 0.815625 0.023552000000000056 0.01875 0.019305
0 0.7292970000000001 0.092664 0.019531 0.018533
0 0.7625000000000001 0.09652500000000008 0.05625 0.054054
0 0.48906200000000005 0.06177600000000011 0.06875 0.069498
0 0.796094 0.37876400000000005 0.021875 0.020849
0 0.776953 0.3583009999999999 0.067969 0.066409
0 0.466406 0.33513499999999996 0.01875 0.018533
0 0.48789099999999996 0.36061800000000005 0.058594 0.057143
0 0.32265600000000005 0.34671799999999997 0.01875 0.018533
0 0.294922 0.38880299999999995 0.077344 0.076448
0 0.977734 0.542085 0.041406 0.06332
0 0.8570310000000001 0.023166000000000145 0.073438 0.046332
0 0.981641 0.6467180000000001 0.035156 0.07027
0 0.905859 0.9007720000000001 0.063281 0.033205
0 0.855078 0.8980690000000001 0.017969 0.018533
0 0.776562 0.8428570000000002 0.01875 0.030116
0 0.7175779999999999 0.842857 0.019531 0.027027
0 0.6953119999999999 0.8081079999999999 0.025 0.027027
0 0.6082029999999999 0.766795 0.016406 0.015444
0 0.585156 0.769884 0.023438 0.023166
0 0.198438 0.4540539999999999 0.015625 0.023166
0 0.19804699999999997 0.428185 0.024219 0.020849
0 0.19257800000000003 0.314672 0.036719 0.025483
0 0.15468700000000007 0.25057899999999994 0.015625 0.016216
0 0.10742200000000007 0.2343629999999999 0.014844 0.017761
0 0.11445300000000008 0.21312699999999987 0.013281 0.010811
0 0.1015620000000001 0.19652499999999987 0.0125 0.019305
0 0.12773400000000007 0.20386099999999988 0.017969 0.018533
0 0.11367200000000005 0.131274 0.042969 0.046332
0 0.099219 0.030888000000000047 0.035937 0.043243
0 0.15820300000000004 0.09652499999999989 0.017969 0.018533
0 0.808594 0.9000000000000001 0.015625 0.008494
0 0.6312499999999999 0.842857 0.015625 0.011583
0 0.379297 0.596139 0.014844 0.0139
0 0.39375000000000004 0.627413 0.05625 0.062548
0 0.301953 0.5965250000000001 0.047656 0.04556
0 0.345313 0.633205 0.045312 0.054054
