0 0.815625 0.023552000000000056 0.01875 0.019305
0 0.729687 0.092664 0.01875 0.018533
0 0.7625000000000001 0.09652500000000008 0.05625 0.054054
0 0.48906200000000005 0.06177600000000011 0.06875 0.069498
0 0.796875 0.37876400000000005 0.021875 0.020849
0 0.776953 0.3583009999999999 0.067969 0.066409
0 0.466406 0.33513499999999996 0.01875 0.018533
0 0.489062 0.36177600000000004 0.059375 0.057915
0 0.32265600000000005 0.34671799999999997 0.01875 0.018533
0 0.295312 0.38880299999999995 0.078125 0.076448
0 0.977734 0.542857 0.041406 0.061776
0 0.8570310000000001 0.023166000000000145 0.073438 0.046332
0 0.982031 0.6467180000000001 0.034375 0.07027
0 0.905859 0.9007720000000001 0.063281 0.033205
0 0.855078 0.8980690000000001 0.017969 0.018533
0 0.776562 0.8428570000000002 0.01875 0.030116
0 0.7175779999999999 0.842857 0.019531 0.027027
0 0.6953119999999999 0.8081079999999999 0.025 0.027027
0 0.6082029999999999 0.766795 0.016406 0.015444
0 0.585156 0.769884 0.023438 0.023166
0 0.19999999999999996 0.4540539999999999 0.015625 0.023166
0 0.19999999999999996 0.428185 0.025 0.020849
0 0.19257800000000003 0.31544399999999995 0.036719 0.027027
0 0.15468700000000007 0.25057899999999994 0.015625 0.016216
0 0.10781200000000007 0.2351349999999999 0.015625 0.019305
0 0.11445300000000008 0.21312699999999987 0.013281 0.010811
0 0.1015620000000001 0.19652499999999987 0.0125 0.019305
0 0.12773400000000007 0.20424699999999987 0.017969 0.019305
0 0.11406200000000005 0.131274 0.04375 0.046332
0 0.099609 0.031274000000000045 0.035156 0.042471
0 0.15820300000000004 0.09652499999999989 0.017969 0.018533
0 0.809375 0.9003860000000001 0.015625 0.007722
0 0.6312499999999999 0.842857 0.015625 0.011583
0 0.379687 0.596525 0.015625 0.014672
0 0.395312 0.627799 0.05625 0.061776
0 0.303125 0.5965250000000001 0.046875 0.04556
0 0.346484 0.634749 0.044531 0.054054
0 0.918359 0.234749 0.024219 0.026255
0 0.963281 0.2629340000000001 0.057813 0.059459
0 0.9855470000000001 0.14787600000000006 0.027344 0.023938
0 0.93125 0.32741300000000007 0.070312 0.069498
0 0.98125 0.3579150000000001 0.01875 0.030116
0 0.993359 0.39034700000000006 0.011719 0.016216
0 0.870703 0.40308900000000014 0.028906 0.021622
0 0.8691409999999999 0.4490350000000001 0.022656 0.025483
0 0.938672 0.48301200000000005 0.021094 0.028571
0 0.94375 0.4308880000000001 0.01875 0.027799
