0 0.976448 0.815625 0.01875 0.019305
0 0.907336 0.729687 0.01875 0.018533
0 0.903475 0.7625000000000001 0.05625 0.054054
0 0.934363 0.489062 0.065625 0.061776
0 0.621236 0.796875 0.021875 0.020849
0 0.641699 0.776953 0.067969 0.066409
0 0.664865 0.466406 0.01875 0.018533
0 0.6382239999999999 0.489062 0.059375 0.057915
0 0.653282 0.32265600000000005 0.01875 0.018533
0 0.6111970000000001 0.295312 0.078125 0.076448
0 0.45714299999999997 0.9777340000000001 0.041406 0.061776
0 0.976834 0.8570310000000001 0.073438 0.046332
0 0.353282 0.9820310000000001 0.034375 0.07027
0 0.09922799999999998 0.9058590000000001 0.063281 0.033205
0 0.101931 0.855078 0.017969 0.018533
0 0.15714299999999998 0.776562 0.01875 0.030116
0 0.15714300000000003 0.7175779999999999 0.019531 0.027027
0 0.19189200000000006 0.6953119999999999 0.025 0.027027
0 0.233205 0.6082029999999999 0.016406 0.015444
0 0.230116 0.585156 0.023438 0.023166
0 0.545946 0.19999999999999993 0.015625 0.023166
0 0.571815 0.19999999999999996 0.025 0.020849
0 0.684556 0.192578 0.036719 0.027027
0 0.749421 0.15468700000000002 0.015625 0.016216
0 0.764865 0.107812 0.015625 0.019305
0 0.786873 0.11445300000000001 0.013281 0.010811
0 0.803475 0.10156200000000003 0.0125 0.019305
0 0.795753 0.127734 0.017969 0.019305
0 0.8687259999999999 0.11406200000000001 0.04375 0.046332
0 0.968726 0.09960900000000003 0.035156 0.042471
0 0.903475 0.15820299999999995 0.017969 0.018533
0 0.09961399999999998 0.809375 0.015625 0.007722
0 0.15714300000000003 0.63125 0.015625 0.011583
0 0.403475 0.379687 0.015625 0.014672
0 0.372201 0.395312 0.05625 0.061776
0 0.403475 0.303125 0.046875 0.04556
0 0.365251 0.346484 0.044531 0.054054
0 0.764865 0.918359 0.024219 0.027027
0 0.7370659999999999 0.963281 0.057813 0.059459
0 0.8521239999999999 0.985547 0.027344 0.023938
0 0.6725869999999999 0.934375 0.06875 0.069498
0 0.641699 0.98125 0.01875 0.030888
0 0.609653 0.993359 0.011719 0.016216
0 0.595753 0.870703 0.028906 0.022394
0 0.549421 0.870312 0.021875 0.027027
0 0.514672 0.942187 0.021875 0.027027
0 0.568726 0.94375 0.01875 0.027027
0 0.688417 0.821484 0.024219 0.019305
0 0.710039 0.789062 0.01875 0.022394
0 0.818147 0.737109 0.024219 0.017761
0 0.817761 0.767187 0.021875 0.018533
0 0.849421 0.720703 0.019531 0.023166
0 0.980309 0.518359 0.046094 0.034749
0 0.949807 0.584375 0.021875 0.023166
0 0.980309 0.558203 0.019531 0.019305
0 0.84556 0.482031 0.020313 0.015444
0 0.828958 0.45195300000000005 0.017969 0.011583
0 0.803861 0.44999999999999996 0.028125 0.030888
0 0.796139 0.384375 0.01875 0.023166
0 0.832819 0.364062 0.01875 0.017761
0 0.857529 0.38398400000000005 0.061719 0.065637
0 0.742471 0.605078 0.008594 0.00695
0 0.730116 0.6234370000000001 0.057813 0.050193
0 0.776448 0.635156 0.060937 0.053282
0 0.799228 0.580859 0.025781 0.023166
0 0.822008 0.578906 0.015625 0.014672
0 0.746718 0.527734 0.028906 0.02471
0 0.700772 0.540625 0.028125 0.023938
0 0.676062 0.658984 0.035156 0.028571
0 0.523552 0.6640619999999999 0.0125 0.0139
0 0.508494 0.641797 0.016406 0.016216
0 0.512741 0.679297 0.041406 0.043243
0 0.5675679999999999 0.6644530000000001 0.021094 0.021622
0 0.594208 0.6574220000000001 0.017969 0.019305
0 0.023552000000000073 0.18437499999999987 0.01875 0.019305
0 0.09266400000000002 0.2703129999999999 0.01875 0.018533
0 0.09652500000000008 0.23749999999999993 0.05625 0.054054
0 0.065637 0.5109379999999999 0.065625 0.061776
0 0.37876400000000005 0.203125 0.021875 0.020849
0 0.358301 0.223047 0.067969 0.066409
0 0.33513499999999996 0.533594 0.01875 0.018533
0 0.36177600000000004 0.510938 0.059375 0.057915
0 0.34671799999999997 0.677344 0.01875 0.018533
0 0.3888029999999999 0.7046879999999999 0.078125 0.076448
0 0.542857 0.022266000000000008 0.041406 0.061776
0 0.02316600000000013 0.1429689999999999 0.073438 0.046332
0 0.6467180000000001 0.017969000000000013 0.034375 0.07027
0 0.9007720000000001 0.0941410000000001 0.063281 0.033205
0 0.898069 0.14492200000000002 0.017969 0.018533
0 0.8428570000000001 0.2234380000000001 0.01875 0.030116
0 0.842857 0.28242200000000006 0.019531 0.027027
0 0.808108 0.30468800000000007 0.025 0.027027
0 0.766795 0.39179700000000006 0.016406 0.015444
0 0.769884 0.41484400000000005 0.023438 0.023166
0 0.4540539999999999 0.8 0.015625 0.023166
0 0.428185 0.8 0.025 0.020849
0 0.3154439999999999 0.807422 0.036719 0.027027
0 0.25057899999999994 0.845313 0.015625 0.016216
0 0.23513499999999993 0.8921879999999999 0.015625 0.019305
0 0.2131269999999999 0.885547 0.013281 0.010811
0 0.1965249999999999 0.898438 0.0125 0.019305
0 0.2042469999999999 0.8722659999999999 0.017969 0.019305
0 0.131274 0.885938 0.04375 0.046332
0 0.031274000000000024 0.900391 0.035156 0.042471
0 0.09652499999999992 0.841797 0.017969 0.018533
0 0.9003860000000001 0.19062500000000004 0.015625 0.007722
0 0.842857 0.3687500000000001 0.015625 0.011583
0 0.596525 0.620313 0.015625 0.014672
0 0.627799 0.6046880000000001 0.05625 0.061776
0 0.596525 0.6968750000000001 0.046875 0.04556
0 0.634749 0.6535160000000001 0.044531 0.054054
0 0.23513500000000004 0.08164099999999994 0.024219 0.027027
0 0.2629340000000001 0.03671899999999996 0.057813 0.059459
0 0.14787600000000012 0.014452999999999924 0.027344 0.023938
0 0.32741300000000007 0.06562499999999993 0.06875 0.069498
0 0.3583010000000001 0.01874999999999996 0.01875 0.030888
0 0.3903470000000001 0.006641000000000001 0.011719 0.016216
0 0.4042470000000001 0.12929699999999997 0.028906 0.022394
0 0.450579 0.129688 0.021875 0.027027
0 0.48532800000000004 0.057812999999999976 0.021875 0.027027
0 0.43127400000000016 0.056249999999999994 0.01875 0.027027
0 0.3115830000000001 0.17851599999999992 0.024219 0.019305
0 0.2899610000000001 0.21093799999999988 0.01875 0.022394
0 0.1818530000000001 0.2628909999999999 0.024219 0.017761
0 0.1822390000000001 0.2328129999999999 0.021875 0.018533
0 0.15057900000000007 0.27929699999999996 0.019531 0.023166
0 0.019691000000000014 0.4816409999999999 0.046094 0.034749
0 0.05019300000000004 0.4156249999999999 0.021875 0.023166
0 0.019691000000000014 0.4417969999999999 0.019531 0.019305
0 0.15444000000000002 0.5179689999999999 0.020313 0.015444
0 0.17104200000000003 0.5480469999999998 0.017969 0.011583
0 0.19613899999999995 0.55 0.028125 0.030888
0 0.20386099999999996 0.6156249999999999 0.01875 0.023166
0 0.16718100000000002 0.635938 0.01875 0.017761
0 0.14247099999999996 0.6160159999999999 0.061719 0.065637
0 0.257529 0.39492199999999994 0.008594 0.00695
0 0.2698840000000001 0.3765629999999999 0.057813 0.050193
0 0.22355200000000003 0.36484399999999995 0.060937 0.053282
0 0.20077199999999995 0.41914099999999993 0.025781 0.023166
0 0.17799200000000004 0.42109399999999997 0.015625 0.014672
0 0.253282 0.47226599999999996 0.028906 0.02471
0 0.29922800000000005 0.4593749999999999 0.028125 0.023938
0 0.32393799999999995 0.341016 0.035156 0.028571
0 0.47644800000000004 0.335938 0.0125 0.0139
0 0.491506 0.358203 0.016406 0.016216
0 0.48725900000000005 0.320703 0.041406 0.043243
0 0.43243200000000015 0.335547 0.021094 0.021622
0 0.40579200000000004 0.34257799999999994 0.017969 0.019305
