0 0.984766 0.353668 0.030469 0.069498
0 0.944531 0.450193 0.062500 0.063320
0 0.885547 0.389575 0.057031 0.059459
0 0.625000 0.360232 0.053125 0.057915
0 0.975000 0.088031 0.046875 0.015444
0 0.960938 0.138610 0.021875 0.016216
0 0.859766 0.145174 0.025781 0.018533
0 0.788281 0.160232 0.025000 0.020849
0 0.742188 0.149421 0.021875 0.027027
0 0.473438 0.253668 0.021875 0.019305
0 0.366797 0.391120 0.022656 0.022394
0 0.426563 0.284170 0.043750 0.030888
0 0.351172 0.372973 0.016406 0.015444
0 0.328125 0.384942 0.018750 0.023938
0 0.166406 0.684942 0.021875 0.027799
0 0.115625 0.761776 0.018750 0.016216
0 0.105078 0.808108 0.022656 0.025483
0 0.133594 0.830116 0.025000 0.015444
0 0.515234 0.296525 0.017969 0.013900
0 0.494531 0.330888 0.021875 0.020849
0 0.521094 0.318147 0.043750 0.033977
