0 0.984766 0.353668 0.030469 0.069498
0 0.943750 0.449807 0.062500 0.062548
0 0.885547 0.388803 0.057031 0.059459
0 0.625000 0.360232 0.053125 0.057915
0 0.975000 0.088031 0.046875 0.015444
0 0.960938 0.138224 0.021875 0.015444
0 0.859766 0.145174 0.025781 0.018533
0 0.787500 0.160232 0.025000 0.020849
0 0.742188 0.149421 0.021875 0.027027
0 0.473438 0.253668 0.021875 0.019305
0 0.366797 0.391120 0.022656 0.022394
0 0.426563 0.284170 0.043750 0.030888
0 0.351172 0.372973 0.016406 0.015444
0 0.328125 0.384556 0.018750 0.023166
0 0.165625 0.684556 0.021875 0.027027
0 0.115625 0.761390 0.018750 0.015444
0 0.104688 0.807722 0.021875 0.026255
0 0.133594 0.830116 0.025000 0.015444
0 0.514453 0.296139 0.017969 0.014672
0 0.493750 0.330502 0.021875 0.020077
0 0.521094 0.318147 0.043750 0.033977
0 0.807031 0.473359 0.040625 0.043243
0 0.754297 0.541699 0.030469 0.017761
0 0.678906 0.554826 0.025000 0.016216
