0 0.984766 0.353668 0.030469 0.069498
0 0.943750 0.449421 0.062500 0.061776
0 0.885547 0.388031 0.057031 0.057915
0 0.625000 0.360232 0.053125 0.057915
0 0.975000 0.088031 0.046875 0.015444
0 0.960938 0.138224 0.021875 0.015444
0 0.859766 0.145174 0.025781 0.018533
0 0.784375 0.160232 0.025000 0.020849
0 0.742188 0.149421 0.021875 0.027027
0 0.473438 0.253668 0.021875 0.019305
0 0.366797 0.391120 0.022656 0.022394
0 0.426563 0.284170 0.043750 0.030888
0 0.351172 0.372973 0.016406 0.015444
0 0.328125 0.384556 0.018750 0.023166
0 0.162500 0.684556 0.021875 0.027027
0 0.115625 0.761390 0.018750 0.015444
0 0.104688 0.807336 0.021875 0.027027
0 0.133594 0.830116 0.025000 0.015444
0 0.510938 0.295753 0.018750 0.015444
0 0.493750 0.330116 0.021875 0.019305
0 0.521094 0.318147 0.043750 0.033977
0 0.806250 0.472973 0.040625 0.042471
0 0.754297 0.541313 0.030469 0.018533
0 0.675000 0.553668 0.025000 0.015444
0 0.735547 0.475676 0.017969 0.012355
0 0.721875 0.502317 0.018750 0.016216
0 0.696094 0.468726 0.018750 0.018533
0 0.542188 0.491506 0.037500 0.039382
0 0.962891 0.584556 0.019531 0.030888
0 0.818750 0.549421 0.015625 0.019305
0 0.839844 0.549421 0.017188 0.019305
0 0.753125 0.617761 0.018750 0.020077
0 0.667188 0.588417 0.025000 0.023166
0 0.937891 0.230116 0.024219 0.023166
0 0.690625 0.233977 0.021875 0.030888
0 0.667188 0.230116 0.025000 0.030888
0 0.578516 0.736680 0.033594 0.029344
0 0.640625 0.771429 0.018750 0.018533
0 0.643750 0.806564 0.021875 0.019305
0 0.683203 0.791892 0.066406 0.073359
0 0.735938 0.772201 0.018750 0.018533
0 0.792578 0.779923 0.019531 0.020077
0 0.755469 0.795753 0.031250 0.022394
0 0.874219 0.784170 0.021875 0.027027
0 0.906641 0.787645 0.021094 0.021622
0 0.850000 0.676448 0.028125 0.015444
0 0.854297 0.664865 0.014844 0.015444
0 0.785156 0.980695 0.056250 0.038610
0 0.339844 0.925483 0.023438 0.022394
0 0.343750 0.971815 0.018750 0.036293
0 0.372266 0.964865 0.021094 0.019305
0 0.280469 0.975676 0.021875 0.025483
0 0.237109 0.984942 0.046094 0.030116
