0 0.353668 0.01523399999999997 0.030469 0.069498
0 0.45019300000000007 0.055469000000000004 0.0625 0.06332
0 0.389575 0.11445300000000004 0.057031 0.059459
0 0.360232 0.375 0.053125 0.057915
0 0.08803100000000008 0.02500000000000001 0.046875 0.015444
0 0.13861000000000007 0.039062000000000034 0.021875 0.016216
0 0.14517400000000003 0.14023399999999994 0.025781 0.018533
0 0.16023200000000004 0.211719 0.025 0.020849
0 0.14942100000000003 0.257812 0.021875 0.027027
0 0.253668 0.526562 0.021875 0.019305
0 0.39112 0.633203 0.022656 0.022394
0 0.28417000000000003 0.573437 0.04375 0.030888
0 0.372973 0.648828 0.016406 0.015444
0 0.384942 0.671875 0.01875 0.023938
0 0.684942 0.8335940000000001 0.021875 0.027799
0 0.761776 0.884375 0.01875 0.016216
0 0.808108 0.8949220000000001 0.022656 0.025483
0 0.830116 0.866406 0.025 0.015444
0 0.296525 0.48476600000000003 0.017969 0.0139
0 0.330888 0.505469 0.021875 0.020849
0 0.318147 0.47890600000000005 0.04375 0.033977
