0 0.353668 0.01523399999999997 0.030469 0.069498
0 0.44942100000000007 0.05625000000000002 0.0625 0.061776
0 0.388031 0.11445300000000003 0.057031 0.057915
0 0.360232 0.375 0.053125 0.057915
0 0.08803100000000008 0.02500000000000001 0.046875 0.015444
0 0.13822400000000007 0.03906200000000003 0.021875 0.015444
0 0.14517400000000003 0.14023399999999994 0.025781 0.018533
0 0.16023200000000004 0.21484400000000003 0.025 0.020849
0 0.14942100000000003 0.257812 0.021875 0.027027
0 0.253668 0.526562 0.021875 0.019305
0 0.39112 0.633203 0.022656 0.022394
0 0.28417000000000003 0.573437 0.04375 0.030888
0 0.372973 0.648828 0.016406 0.015444
0 0.384556 0.671875 0.01875 0.023166
0 0.684556 0.836719 0.021875 0.027027
0 0.76139 0.884375 0.01875 0.015444
0 0.807336 0.895312 0.021875 0.027027
0 0.830116 0.866406 0.025 0.015444
0 0.295753 0.48789099999999996 0.019531 0.015444
0 0.330116 0.50625 0.021875 0.019305
0 0.318147 0.47890600000000005 0.04375 0.033977
0 0.472973 0.19375 0.040625 0.042471
0 0.541313 0.24570299999999998 0.030469 0.018533
0 0.553668 0.323438 0.025 0.015444
0 0.475676 0.26445300000000005 0.017969 0.012355
0 0.502317 0.27812499999999996 0.01875 0.016216
0 0.468726 0.303906 0.01875 0.018533
0 0.491506 0.45429699999999995 0.038281 0.039382
0 0.585328 0.037108999999999934 0.019531 0.032432
