0 0.353668 0.01523399999999997 0.030469 0.069498
0 0.44942100000000007 0.05625000000000002 0.0625 0.061776
0 0.388031 0.11445300000000003 0.057031 0.057915
0 0.360232 0.375 0.053125 0.057915
0 0.08803100000000008 0.02500000000000001 0.046875 0.015444
0 0.13822400000000007 0.03906200000000003 0.021875 0.015444
0 0.14517400000000003 0.14023399999999994 0.025781 0.018533
0 0.16023200000000004 0.21562499999999996 0.025 0.020849
0 0.14942100000000003 0.257812 0.021875 0.027027
0 0.253668 0.526562 0.021875 0.019305
0 0.39112 0.633203 0.022656 0.022394
0 0.28417000000000003 0.573437 0.04375 0.030888
0 0.372973 0.648828 0.016406 0.015444
0 0.384556 0.671875 0.01875 0.023166
0 0.684556 0.8375 0.021875 0.027027
0 0.76139 0.884375 0.01875 0.015444
0 0.807336 0.895312 0.021875 0.027027
0 0.830116 0.866406 0.025 0.015444
0 0.295753 0.489062 0.01875 0.015444
0 0.330116 0.50625 0.021875 0.019305
0 0.318147 0.47890600000000005 0.04375 0.033977
0 0.472973 0.19375 0.040625 0.042471
0 0.541313 0.24570299999999998 0.030469 0.018533
0 0.553668 0.32499999999999996 0.025 0.015444
0 0.475676 0.26445300000000005 0.017969 0.012355
0 0.502317 0.27812499999999996 0.01875 0.016216
0 0.468726 0.303906 0.01875 0.018533
0 0.491506 0.457812 0.0375 0.039382
0 0.584556 0.03710899999999992 0.019531 0.030888
0 0.549421 0.18125 0.015625 0.019305
0 0.549421 0.16015599999999994 0.017188 0.019305
0 0.617761 0.24687499999999996 0.01875 0.020077
0 0.588417 0.332812 0.025 0.023166
0 0.230116 0.06210899999999995 0.024219 0.023166
0 0.233977 0.30937499999999996 0.021875 0.030888
0 0.230116 0.332812 0.025 0.030888
0 0.73668 0.42148399999999997 0.033594 0.029344
0 0.771429 0.359375 0.01875 0.018533
0 0.806564 0.35624999999999996 0.021875 0.019305
0 0.791892 0.31601599999999996 0.066406 0.073359
0 0.772201 0.264062 0.01875 0.018533
0 0.779923 0.20664099999999996 0.019531 0.020077
0 0.795753 0.24453100000000003 0.03125 0.022394
0 0.78417 0.125781 0.021875 0.027027
0 0.7876449999999999 0.093359 0.021094 0.021622
0 0.676834 0.15000000000000002 0.028125 0.016216
0 0.664865 0.14570300000000003 0.014844 0.015444
0 0.9806949999999999 0.2140630000000001 0.05625 0.03861
0 0.925483 0.6601560000000001 0.023438 0.022394
0 0.971815 0.65625 0.01875 0.036293
0 0.964865 0.627344 0.020313 0.019305
0 0.975676 0.719531 0.021875 0.025483
