0 0.01523399999999997 0.6463319999999999 0.030469 0.069498
0 0.05625000000000002 0.5501929999999999 0.0625 0.062548
0 0.11445300000000003 0.611197 0.057031 0.059459
0 0.375 0.639768 0.053125 0.057915
0 0.024999999999999967 0.9119689999999999 0.046875 0.015444
0 0.039061999999999986 0.8617759999999999 0.021875 0.015444
0 0.14023399999999991 0.854826 0.025781 0.018533
0 0.21249999999999997 0.839768 0.025 0.020849
0 0.257812 0.8505789999999999 0.021875 0.027027
0 0.526562 0.746332 0.021875 0.019305
0 0.633203 0.60888 0.022656 0.022394
0 0.573437 0.71583 0.04375 0.030888
0 0.648828 0.627027 0.016406 0.015444
0 0.671875 0.615444 0.01875 0.023166
0 0.834375 0.31544399999999995 0.021875 0.027027
0 0.8843750000000001 0.23861000000000004 0.01875 0.015444
0 0.8953120000000001 0.19227799999999998 0.021875 0.026255
0 0.866406 0.1698840000000001 0.025 0.015444
0 0.48554699999999995 0.7038610000000001 0.017969 0.014672
0 0.50625 0.669498 0.021875 0.020077
0 0.47890600000000005 0.681853 0.04375 0.033977
0 0.19296899999999995 0.526641 0.040625 0.043243
0 0.245703 0.45830099999999996 0.030469 0.017761
0 0.321094 0.44517399999999996 0.025 0.016216
