0 0.01523399999999997 0.6463319999999999 0.030469 0.069498
0 0.05546899999999999 0.5498069999999999 0.0625 0.06332
0 0.11445300000000003 0.610425 0.057031 0.059459
0 0.375 0.639768 0.053125 0.057915
0 0.024999999999999967 0.9119689999999999 0.046875 0.015444
0 0.039061999999999986 0.8613899999999999 0.021875 0.016216
0 0.14023399999999991 0.854826 0.025781 0.018533
0 0.21171899999999994 0.839768 0.025 0.020849
0 0.257812 0.8505789999999999 0.021875 0.027027
0 0.526562 0.746332 0.021875 0.019305
0 0.633203 0.60888 0.022656 0.022394
0 0.573437 0.71583 0.04375 0.030888
0 0.648828 0.627027 0.016406 0.015444
0 0.671875 0.615058 0.01875 0.023938
0 0.833594 0.31505799999999995 0.021875 0.027799
0 0.8843750000000001 0.23822400000000005 0.01875 0.016216
0 0.894922 0.1918920000000001 0.022656 0.025483
0 0.866406 0.1698840000000001 0.025 0.015444
0 0.48476600000000003 0.7034750000000001 0.017969 0.0139
0 0.505469 0.669112 0.021875 0.020849
0 0.47890600000000005 0.681853 0.04375 0.033977
