0 0.01523399999999997 0.6463319999999999 0.030469 0.069498
0 0.05625000000000002 0.5505789999999999 0.0625 0.061776
0 0.11445300000000003 0.611969 0.057031 0.057915
0 0.375 0.639768 0.053125 0.057915
0 0.024999999999999967 0.9119689999999999 0.046875 0.015444
0 0.039061999999999986 0.8617759999999999 0.021875 0.015444
0 0.14023399999999991 0.854826 0.025781 0.018533
0 0.2156249999999999 0.839768 0.025 0.020849
0 0.257812 0.8505789999999999 0.021875 0.027027
0 0.526562 0.746332 0.021875 0.019305
0 0.633203 0.60888 0.022656 0.022394
0 0.573437 0.71583 0.04375 0.030888
0 0.648828 0.627027 0.016406 0.015444
0 0.671875 0.615444 0.01875 0.023166
0 0.8375 0.31544399999999995 0.021875 0.027027
0 0.8843750000000001 0.23861000000000004 0.01875 0.015444
0 0.8953120000000001 0.19266399999999997 0.021875 0.027027
0 0.866406 0.1698840000000001 0.025 0.015444
0 0.489062 0.7042470000000001 0.01875 0.015444
0 0.50625 0.669884 0.021875 0.019305
0 0.47890600000000005 0.681853 0.04375 0.033977
0 0.19374999999999998 0.527027 0.040625 0.042471
0 0.245703 0.45868699999999996 0.030469 0.018533
0 0.32499999999999996 0.44633199999999995 0.025 0.015444
0 0.26445300000000005 0.524324 0.017969 0.012355
0 0.27812499999999996 0.497683 0.01875 0.016216
0 0.303906 0.531274 0.01875 0.018533
0 0.457812 0.508494 0.0375 0.039382
0 0.03710899999999995 0.4154439999999999 0.019531 0.030888
0 0.18125000000000002 0.4505789999999999 0.015625 0.019305
0 0.16015599999999997 0.4505789999999999 0.017188 0.019305
0 0.24687499999999996 0.382239 0.01875 0.020077
0 0.332812 0.41158300000000003 0.025 0.023166
0 0.062108999999999914 0.769884 0.024219 0.023166
0 0.30937499999999996 0.766023 0.021875 0.030888
0 0.332812 0.769884 0.025 0.030888
0 0.42148399999999997 0.26332000000000005 0.033594 0.029344
0 0.359375 0.22857099999999994 0.01875 0.018533
0 0.35546900000000003 0.19343600000000002 0.021875 0.019305
0 0.314844 0.2077219999999999 0.065625 0.072587
0 0.264062 0.2277989999999999 0.01875 0.018533
0 0.20546900000000007 0.2200769999999999 0.01875 0.020077
0 0.2445310000000001 0.20386099999999988 0.03125 0.023166
0 0.1257810000000001 0.21544399999999989 0.021875 0.027799
0 0.09335900000000003 0.212355 0.021094 0.021622
0 0.14843799999999996 0.3220079999999999 0.028125 0.016988
0 0.14570300000000003 0.3351349999999999 0.014844 0.015444
0 0.2128910000000001 0.019305000000000037 0.055469 0.03861
