0 0.094922 0.080695 0.022656 0.027027
0 0.987500 0.387645 0.018750 0.023166
0 0.881641 0.394981 0.024219 0.027027
0 0.991797 0.518533 0.014844 0.019305
0 0.641016 0.764479 0.021094 0.021622
0 0.907813 0.440927 0.025000 0.024710
0 0.991016 0.180695 0.014844 0.023166
0 0.965625 0.214286 0.050000 0.047104
0 0.965625 0.271429 0.025000 0.020849
0 0.953516 0.318533 0.017969 0.027027
0 0.304688 0.564479 0.012500 0.027799
0 0.343750 0.591506 0.071875 0.072587
0 0.846875 0.022394 0.025000 0.015444
0 0.836719 0.033205 0.028125 0.020077
0 0.410938 0.060232 0.025000 0.018533
0 0.460547 0.053282 0.021094 0.023166
0 0.457813 0.118919 0.025000 0.023166
0 0.395313 0.117375 0.031250 0.023166
0 0.351562 0.013900 0.015625 0.020077
0 0.330469 0.026255 0.023438 0.015444
0 0.353516 0.042085 0.039844 0.034749
0 0.200391 0.033977 0.021094 0.012355
0 0.263281 0.015058 0.025000 0.016216
0 0.229687 0.048263 0.056250 0.056371
0 0.265234 0.097297 0.042969 0.043243
0 0.293750 0.122394 0.023438 0.016216
0 0.352344 0.121622 0.023438 0.030116
0 0.371875 0.176062 0.028125 0.029344
0 0.398828 0.178378 0.024219 0.018533
0 0.438672 0.165637 0.030469 0.022394
0 0.391406 0.224710 0.026562 0.023166
