0 0.094922 0.080695 0.022656 0.027027
0 0.987500 0.387645 0.018750 0.023166
0 0.881641 0.394981 0.024219 0.027027
0 0.991797 0.518533 0.014844 0.019305
0 0.641016 0.764479 0.021094 0.021622
0 0.907813 0.440927 0.025000 0.024710
0 0.991016 0.180695 0.014844 0.023166
0 0.965625 0.214286 0.050000 0.047104
0 0.966406 0.271429 0.025000 0.020849
0 0.953516 0.318533 0.017969 0.027027
0 0.304688 0.564479 0.012500 0.027799
0 0.343750 0.591506 0.071875 0.072587
0 0.848828 0.022780 0.024219 0.014672
0 0.836719 0.033205 0.028125 0.020077
0 0.410938 0.060232 0.025000 0.018533
0 0.460547 0.054054 0.021094 0.024710
0 0.458984 0.120077 0.024219 0.022394
0 0.395313 0.117375 0.031250 0.023166
0 0.353125 0.013900 0.014063 0.020077
0 0.330469 0.027799 0.023438 0.016988
0 0.353516 0.042471 0.039844 0.033977
