0 0.094922 0.080695 0.022656 0.027027
0 0.987500 0.387645 0.018750 0.023166
0 0.881641 0.394981 0.024219 0.027027
0 0.991797 0.518533 0.014844 0.019305
0 0.641016 0.764479 0.021094 0.021622
0 0.907813 0.440927 0.025000 0.024710
0 0.991016 0.180695 0.014844 0.023166
0 0.965625 0.214286 0.050000 0.047104
0 0.965625 0.271429 0.025000 0.020849
0 0.953516 0.318533 0.017969 0.027027
0 0.304688 0.564479 0.012500 0.027799
0 0.343750 0.591506 0.071875 0.072587
0 0.846875 0.022394 0.025000 0.015444
0 0.836719 0.033205 0.028125 0.020077
0 0.410938 0.060232 0.025000 0.018533
0 0.460547 0.053282 0.021094 0.023166
0 0.457813 0.118919 0.025000 0.023166
0 0.395313 0.117375 0.031250 0.023166
0 0.353906 0.013127 0.012500 0.013900
0 0.327734 0.027413 0.017969 0.013127
0 0.353516 0.043243 0.039844 0.032432
0 0.200391 0.033977 0.021094 0.012355
0 0.262500 0.014672 0.025000 0.015444
0 0.225000 0.048263 0.056250 0.056371
0 0.262500 0.095753 0.043750 0.041699
0 0.290625 0.122394 0.025000 0.016216
0 0.352344 0.121622 0.023438 0.030116
0 0.371875 0.176062 0.028125 0.029344
0 0.398438 0.176448 0.025000 0.019305
0 0.438672 0.165251 0.030469 0.023166
0 0.391016 0.222394 0.025781 0.023166
0 0.516797 0.076834 0.038281 0.019305
0 0.634375 0.283784 0.028125 0.022394
0 0.648047 0.314672 0.027344 0.027027
0 0.662891 0.353668 0.022656 0.030888
0 0.637891 0.226255 0.021094 0.020077
0 0.656641 0.209653 0.019531 0.025483
0 0.681641 0.241699 0.024219 0.030888
0 0.667969 0.149421 0.042188 0.034749
0 0.659375 0.088031 0.028125 0.026255
0 0.697266 0.083784 0.025781 0.020849
0 0.730469 0.088417 0.026562 0.019305
0 0.745313 0.111197 0.018750 0.023166
0 0.814844 0.072587 0.026562 0.023166
0 0.944141 0.152510 0.022656 0.023938
0 0.914453 0.125869 0.022656 0.020077
0 0.913281 0.145560 0.026562 0.019305
0 0.842578 0.122008 0.022656 0.024710
0 0.842187 0.145946 0.021875 0.023166
0 0.879297 0.173359 0.022656 0.022394
0 0.885938 0.210811 0.028125 0.023166
