0 0.08069500000000002 0.9050779999999999 0.022656 0.027027
0 0.387645 0.012499999999999935 0.01875 0.023166
0 0.394981 0.11835899999999996 0.024219 0.027027
0 0.518533 0.008202999999999943 0.014844 0.019305
0 0.7644789999999999 0.358984 0.021094 0.021622
0 0.44092700000000007 0.091797 0.025781 0.02471
0 0.1806950000000001 0.008983999999999971 0.014844 0.023166
0 0.21428600000000003 0.033594000000000034 0.05 0.047104
0 0.27142900000000003 0.03164100000000002 0.025781 0.020849
0 0.31853300000000007 0.04648399999999994 0.017969 0.027027
0 0.564865 0.695312 0.0125 0.028571
0 0.591506 0.655469 0.071875 0.072587
