0 0.08069500000000002 0.9050779999999999 0.022656 0.027027
0 0.387645 0.012499999999999935 0.01875 0.023166
0 0.394981 0.11835899999999996 0.024219 0.027027
0 0.518533 0.008202999999999943 0.014844 0.019305
0 0.7644789999999999 0.358984 0.021094 0.021622
0 0.44092700000000007 0.09101599999999997 0.025781 0.02471
0 0.1806950000000001 0.008983999999999971 0.014844 0.023166
0 0.21467200000000008 0.03281299999999995 0.05 0.047876
0 0.27142900000000003 0.031249999999999993 0.026562 0.020849
0 0.31891900000000006 0.046093999999999954 0.017188 0.027799
