0 0.08069500000000002 0.9050779999999999 0.022656 0.027027
0 0.387645 0.012499999999999935 0.01875 0.023166
0 0.394981 0.11835899999999996 0.024219 0.027027
0 0.518533 0.008202999999999943 0.014844 0.019305
0 0.7644789999999999 0.358984 0.021094 0.021622
0 0.44092700000000007 0.092187 0.025 0.02471
0 0.1806950000000001 0.008983999999999971 0.014844 0.023166
0 0.21428600000000003 0.034375000000000065 0.05 0.047104
0 0.27142900000000003 0.033594000000000006 0.025 0.020849
0 0.31853300000000007 0.04648399999999994 0.017969 0.027027
0 0.564479 0.695312 0.0125 0.027799
0 0.591506 0.65625 0.071875 0.072587
0 0.022780000000000022 0.1511719999999999 0.024219 0.014672
0 0.033204999999999985 0.16328099999999995 0.028125 0.020077
0 0.06023200000000001 0.589062 0.025 0.018533
0 0.05405399999999999 0.539453 0.021094 0.02471
0 0.12007700000000004 0.5410159999999999 0.024219 0.022394
0 0.11737500000000001 0.604687 0.03125 0.023166
0 0.013900000000000023 0.646875 0.014063 0.020077
0 0.027799000000000018 0.669531 0.023438 0.016988
0 0.04247099999999998 0.6464840000000001 0.039844 0.033977
