0 0.08069500000000002 0.9050779999999999 0.022656 0.027027
0 0.387645 0.012499999999999935 0.01875 0.023166
0 0.394981 0.11835899999999996 0.024219 0.027027
0 0.518533 0.008202999999999943 0.014844 0.019305
0 0.7644789999999999 0.358984 0.021094 0.021622
0 0.44092700000000007 0.092187 0.025 0.02471
0 0.1806950000000001 0.008983999999999971 0.014844 0.023166
0 0.21428600000000003 0.034375000000000065 0.05 0.047104
0 0.27142900000000003 0.03437500000000004 0.025 0.020849
0 0.31853300000000007 0.04648399999999994 0.017969 0.027027
0 0.564479 0.695312 0.0125 0.027799
0 0.591506 0.65625 0.071875 0.072587
0 0.022394000000000025 0.1531249999999999 0.025 0.015444
0 0.033204999999999985 0.16328099999999995 0.028125 0.020077
0 0.06023200000000001 0.589062 0.025 0.018533
0 0.05328200000000005 0.539453 0.021094 0.023166
0 0.118919 0.542187 0.025 0.023166
0 0.11737500000000001 0.604687 0.03125 0.023166
0 0.013900000000000023 0.649219 0.015625 0.020077
0 0.02625500000000003 0.669531 0.023438 0.015444
0 0.04208500000000004 0.646484 0.039844 0.034749
0 0.033977000000000035 0.7996089999999999 0.021094 0.012355
0 0.014672000000000018 0.7374999999999999 0.025 0.015444
0 0.048263 0.771094 0.05625 0.056371
0 0.09652499999999997 0.7355470000000001 0.042969 0.043243
0 0.122394 0.706641 0.024219 0.016216
0 0.12162199999999995 0.647656 0.023438 0.030116
0 0.17606199999999994 0.628125 0.028125 0.029344
0 0.17760600000000004 0.6015619999999999 0.025 0.018533
0 0.16525100000000004 0.5613279999999999 0.030469 0.023166
0 0.22393800000000003 0.608984 0.025781 0.023166
0 0.077992 0.48320300000000005 0.038281 0.020077
