0 0.9050779999999999 0.919305 0.022656 0.027027
0 0.012499999999999956 0.612355 0.01875 0.023166
0 0.11835899999999999 0.605019 0.024219 0.027027
0 0.00820299999999996 0.4814669999999999 0.014844 0.019305
0 0.35898399999999997 0.23552100000000006 0.021094 0.021622
0 0.09218700000000002 0.5590729999999999 0.025 0.02471
0 0.008983999999999936 0.819305 0.014844 0.023166
0 0.03437499999999999 0.785714 0.05 0.047104
0 0.032421999999999895 0.728571 0.025781 0.020849
0 0.04648399999999997 0.6814669999999999 0.017969 0.027027
0 0.6953119999999999 0.43552100000000005 0.0125 0.027799
0 0.65625 0.40849399999999997 0.071875 0.072587
0 0.14999999999999997 0.976062 0.023438 0.0139
0 0.16328099999999995 0.966795 0.028125 0.020077
