0 0.9050779999999999 0.919305 0.022656 0.027027
0 0.012499999999999956 0.612355 0.01875 0.023166
0 0.11835899999999999 0.605019 0.024219 0.027027
0 0.00820299999999996 0.4814669999999999 0.014844 0.019305
0 0.35898399999999997 0.23552100000000006 0.021094 0.021622
0 0.09101599999999999 0.5590729999999999 0.025781 0.02471
0 0.008983999999999936 0.819305 0.014844 0.023166
0 0.032812999999999926 0.7853279999999999 0.05 0.047876
0 0.031249999999999944 0.728571 0.026562 0.020849
0 0.04609399999999997 0.6810809999999999 0.017188 0.027799
