0 0.9050779999999999 0.919305 0.022656 0.027027
0 0.012499999999999956 0.612355 0.01875 0.023166
0 0.11835899999999999 0.605019 0.024219 0.027027
0 0.00820299999999996 0.4814669999999999 0.014844 0.019305
0 0.35898399999999997 0.23552100000000006 0.021094 0.021622
0 0.09218700000000002 0.5590729999999999 0.025 0.02471
0 0.008983999999999936 0.819305 0.014844 0.023166
0 0.03437499999999999 0.785714 0.05 0.047104
0 0.03437499999999999 0.728571 0.025 0.020849
0 0.04648399999999997 0.6814669999999999 0.017969 0.027027
0 0.6953119999999999 0.43552100000000005 0.0125 0.027799
0 0.65625 0.40849399999999997 0.071875 0.072587
0 0.1531249999999999 0.977606 0.025 0.015444
0 0.16328099999999995 0.966795 0.028125 0.020077
0 0.589062 0.939768 0.025 0.018533
0 0.539453 0.946718 0.021094 0.023166
0 0.542187 0.881081 0.025 0.023166
0 0.604687 0.882625 0.03125 0.023166
0 0.6499999999999999 0.9861 0.015625 0.020077
0 0.6695309999999999 0.973745 0.023438 0.015444
0 0.646484 0.957915 0.039844 0.034749
0 0.799609 0.966023 0.021094 0.012355
0 0.7374999999999999 0.985328 0.025 0.015444
0 0.7722659999999999 0.951737 0.057031 0.056371
0 0.7367189999999999 0.9042470000000001 0.04375 0.041699
0 0.707813 0.877606 0.025 0.016216
0 0.647656 0.8783780000000001 0.023438 0.030116
0 0.6281249999999999 0.8239380000000001 0.028125 0.029344
0 0.6015619999999999 0.823552 0.025 0.019305
0 0.5613279999999999 0.834749 0.030469 0.023166
0 0.608984 0.777606 0.025781 0.023166
0 0.483203 0.923166 0.038281 0.019305
0 0.365625 0.716216 0.028125 0.022394
0 0.35195299999999996 0.6853279999999999 0.027344 0.027027
0 0.337109 0.645946 0.022656 0.030116
0 0.360938 0.773745 0.020313 0.020077
0 0.34335899999999997 0.790347 0.019531 0.025483
0 0.31796899999999995 0.7571430000000001 0.023438 0.030116
