0 0.919305 0.09492200000000003 0.022656 0.027027
0 0.6123549999999999 0.9875 0.01875 0.023166
0 0.6050189999999999 0.881641 0.024219 0.027027
0 0.48146699999999987 0.991797 0.014844 0.019305
0 0.23552100000000004 0.641016 0.021094 0.021622
0 0.5590729999999999 0.907813 0.025 0.02471
0 0.8193049999999998 0.9910160000000001 0.014844 0.023166
0 0.7857139999999999 0.9656250000000001 0.05 0.047104
0 0.728571 0.966406 0.025 0.020849
0 0.6814669999999999 0.9535160000000001 0.017969 0.027027
0 0.4355210000000001 0.304688 0.0125 0.027799
0 0.408494 0.34374999999999994 0.071875 0.072587
0 0.97722 0.8488280000000001 0.024219 0.014672
0 0.966795 0.8367190000000001 0.028125 0.020077
0 0.9397679999999999 0.41093800000000014 0.025 0.018533
0 0.945946 0.46054700000000004 0.021094 0.02471
0 0.879923 0.45898400000000006 0.024219 0.022394
0 0.882625 0.3953130000000001 0.03125 0.023166
0 0.9861 0.35312500000000013 0.014063 0.020077
0 0.9722010000000001 0.3304690000000001 0.023438 0.016988
0 0.9575290000000001 0.3535160000000001 0.039844 0.033977
