0 0.733594 0.418147 0.020313 0.016216
0 0.918750 0.057143 0.021875 0.015444
0 0.905469 0.099614 0.021875 0.015444
0 0.194922 0.011583 0.019531 0.021622
0 0.431641 0.026641 0.032031 0.019305
0 0.493750 0.018533 0.021875 0.023166
0 0.018750 0.472973 0.018750 0.027027
0 0.011328 0.503475 0.021094 0.018533
0 0.037500 0.536680 0.018750 0.026255
0 0.007422 0.268726 0.013281 0.023166
0 0.112891 0.211197 0.025781 0.027027
0 0.746094 0.114286 0.025000 0.018533
0 0.704688 0.137066 0.021875 0.020849
0 0.739453 0.134749 0.021094 0.020849
0 0.717578 0.179151 0.022656 0.024710
0 0.762500 0.030888 0.073438 0.060232
0 0.771875 0.069884 0.021875 0.016216
0 0.743359 0.052124 0.016406 0.019305
0 0.751953 0.079151 0.057031 0.036293
