0 0.733594 0.418147 0.020313 0.016216
0 0.918750 0.057143 0.021875 0.015444
0 0.905469 0.099614 0.021875 0.015444
0 0.194922 0.011583 0.019531 0.021622
0 0.431641 0.026641 0.032031 0.019305
0 0.493750 0.018533 0.021875 0.023166
0 0.018750 0.472973 0.018750 0.027027
0 0.011328 0.503475 0.021094 0.018533
0 0.037500 0.536680 0.018750 0.026255
0 0.007422 0.268726 0.013281 0.023166
0 0.112891 0.211197 0.025781 0.027027
0 0.746094 0.114286 0.025000 0.018533
0 0.704688 0.137066 0.021875 0.020849
0 0.739062 0.134363 0.021875 0.020077
0 0.717187 0.179151 0.021875 0.024710
0 0.762109 0.030888 0.074219 0.060232
0 0.771484 0.069112 0.022656 0.016216
0 0.742578 0.052124 0.016406 0.019305
0 0.751563 0.079151 0.056250 0.036293
0 0.190234 0.331274 0.016406 0.021622
0 0.219922 0.279151 0.050781 0.039382
0 0.210156 0.325483 0.045312 0.050193
0 0.164062 0.353668 0.017188 0.023166
0 0.241797 0.347490 0.017969 0.021622
0 0.237891 0.217761 0.014844 0.027799
