0 0.733594 0.418147 0.020313 0.016216
0 0.918750 0.057143 0.021875 0.015444
0 0.905469 0.099614 0.021875 0.015444
0 0.194922 0.011583 0.019531 0.021622
0 0.431641 0.026641 0.032031 0.019305
0 0.493750 0.018533 0.021875 0.023166
0 0.018750 0.472973 0.018750 0.027027
0 0.011328 0.503475 0.021094 0.018533
0 0.037500 0.536680 0.018750 0.026255
0 0.007422 0.268726 0.013281 0.023166
0 0.112891 0.211197 0.025781 0.027027
0 0.746094 0.114286 0.025000 0.018533
0 0.704688 0.137066 0.021875 0.020849
0 0.737500 0.133977 0.021875 0.019305
0 0.714063 0.179151 0.021875 0.024710
0 0.760938 0.030888 0.075000 0.060232
0 0.768750 0.068726 0.021875 0.015444
0 0.742188 0.052124 0.015625 0.019305
0 0.751563 0.079151 0.056250 0.036293
0 0.187500 0.330502 0.015625 0.023166
0 0.219922 0.279151 0.050781 0.039382
0 0.209766 0.325483 0.044531 0.050193
0 0.162891 0.353668 0.017969 0.023166
0 0.241797 0.345946 0.017969 0.023166
0 0.237891 0.217761 0.014844 0.027799
0 0.077344 0.091892 0.028125 0.026255
0 0.462500 0.237838 0.021875 0.023166
0 0.460938 0.275676 0.021875 0.012355
0 0.457813 0.288417 0.015625 0.011583
0 0.439063 0.291892 0.015625 0.015444
0 0.360938 0.272973 0.021875 0.019305
0 0.398438 0.238224 0.021875 0.019305
0 0.415625 0.195753 0.025000 0.030116
0 0.332422 0.279923 0.019531 0.016216
0 0.366016 0.307336 0.021094 0.023166
0 0.379688 0.342085 0.025000 0.023166
0 0.457813 0.334363 0.028125 0.023166
0 0.473438 0.364865 0.021875 0.019305
0 0.510938 0.352124 0.021875 0.024710
0 0.454297 0.415058 0.049219 0.050193
0 0.479297 0.444402 0.011719 0.017761
0 0.489063 0.460618 0.018750 0.016216
0 0.412891 0.405792 0.021094 0.019305
0 0.356250 0.380309 0.018750 0.019305
0 0.311719 0.195753 0.073438 0.068726
0 0.269141 0.156757 0.021094 0.018533
0 0.256250 0.172587 0.021875 0.019305
0 0.333594 0.184556 0.017188 0.015444
0 0.311719 0.179151 0.014063 0.015444
0 0.353516 0.484170 0.025781 0.023166
0 0.306250 0.506564 0.028125 0.027799
0 0.364453 0.057529 0.035156 0.027027
0 0.290625 0.087259 0.021875 0.024710
0 0.565625 0.276062 0.025000 0.030116
0 0.500391 0.179537 0.025781 0.023938
0 0.591016 0.175676 0.022656 0.022394
0 0.606641 0.191892 0.024219 0.022394
0 0.592969 0.206178 0.021875 0.018533
0 0.573438 0.215444 0.028125 0.021622
0 0.650391 0.364093 0.014844 0.014672
0 0.648438 0.393436 0.056250 0.051737
0 0.669141 0.428958 0.017969 0.014672
0 0.591016 0.410039 0.024219 0.015444
0 0.631641 0.389575 0.014844 0.019305
0 0.556641 0.466409 0.049219 0.046332
