0 0.418147 0.26640600000000003 0.020313 0.016216
0 0.057143 0.08125000000000003 0.021875 0.015444
0 0.09961399999999998 0.09453100000000002 0.021875 0.015444
0 0.011582999999999954 0.805078 0.019531 0.021622
0 0.026641000000000026 0.568359 0.032031 0.019305
0 0.01853300000000002 0.5046879999999999 0.021875 0.023166
0 0.472973 0.9812500000000001 0.01875 0.027027
0 0.503475 0.988672 0.021094 0.018533
0 0.53668 0.9625 0.01875 0.026255
0 0.269112 0.992578 0.013281 0.022394
0 0.21235500000000002 0.885938 0.026562 0.027799
