0 0.418147 0.26640600000000003 0.020313 0.016216
0 0.057143 0.08125000000000003 0.021875 0.015444
0 0.09961399999999998 0.09453100000000002 0.021875 0.015444
0 0.011582999999999954 0.805078 0.019531 0.021622
0 0.026641000000000026 0.568359 0.032031 0.019305
0 0.01853300000000002 0.5062499999999999 0.021875 0.023166
0 0.472973 0.9812500000000001 0.01875 0.027027
0 0.503475 0.988672 0.021094 0.018533
0 0.53668 0.9625 0.01875 0.026255
0 0.268726 0.992578 0.013281 0.023166
0 0.21119700000000002 0.887109 0.025781 0.027027
0 0.114286 0.2539059999999999 0.025 0.018533
0 0.13706600000000002 0.295312 0.021875 0.020849
0 0.134363 0.26093799999999995 0.021875 0.020077
0 0.179151 0.282813 0.021875 0.02471
0 0.030888000000000027 0.2378909999999999 0.074219 0.060232
0 0.069112 0.22851600000000005 0.022656 0.016216
0 0.052124000000000004 0.257422 0.016406 0.019305
0 0.07915100000000003 0.248437 0.05625 0.036293
0 0.33127399999999996 0.809766 0.016406 0.021622
0 0.279151 0.780078 0.050781 0.039382
0 0.32548299999999997 0.7898440000000001 0.045312 0.050193
0 0.353668 0.835938 0.017188 0.023166
0 0.34748999999999997 0.758203 0.017969 0.021622
0 0.21776100000000004 0.762109 0.014844 0.027799
