0 0.418147 0.26640600000000003 0.020313 0.016216
0 0.057143 0.08125000000000003 0.021875 0.015444
0 0.09961399999999998 0.09453100000000002 0.021875 0.015444
0 0.011582999999999954 0.805078 0.019531 0.021622
0 0.026641000000000026 0.568359 0.032031 0.019305
0 0.01853300000000002 0.5062499999999999 0.021875 0.023166
0 0.472973 0.9812500000000001 0.01875 0.027027
0 0.503475 0.988672 0.021094 0.018533
0 0.53668 0.9625 0.01875 0.026255
0 0.268726 0.992578 0.013281 0.023166
0 0.21119700000000002 0.887109 0.025781 0.027027
0 0.114286 0.2539059999999999 0.025 0.018533
0 0.13706600000000002 0.295312 0.021875 0.020849
0 0.133977 0.261719 0.021875 0.019305
0 0.179151 0.283594 0.021875 0.02471
0 0.030888000000000027 0.23867199999999994 0.074219 0.060232
0 0.06872600000000001 0.22929699999999997 0.022656 0.015444
0 0.052124000000000004 0.257812 0.015625 0.019305
0 0.07915100000000003 0.248437 0.05625 0.036293
0 0.33088799999999996 0.810547 0.016406 0.022394
0 0.279151 0.780078 0.050781 0.039382
0 0.32548299999999997 0.790234 0.044531 0.050193
0 0.353668 0.836719 0.017188 0.023166
0 0.34671799999999997 0.758203 0.017969 0.021622
0 0.21776100000000004 0.762109 0.014844 0.027799
0 0.09305000000000002 0.922656 0.028125 0.028571
