0 0.418147 0.26640600000000003 0.020313 0.016216
0 0.057143 0.08125000000000003 0.021875 0.015444
0 0.09961399999999998 0.09453100000000002 0.021875 0.015444
0 0.011582999999999954 0.805078 0.019531 0.021622
0 0.026641000000000026 0.568359 0.032031 0.019305
0 0.01853300000000002 0.5062499999999999 0.021875 0.023166
0 0.472973 0.9812500000000001 0.01875 0.027027
0 0.503475 0.988672 0.021094 0.018533
0 0.53668 0.9625 0.01875 0.026255
0 0.268726 0.992578 0.013281 0.023166
0 0.21119700000000002 0.887109 0.025781 0.027027
0 0.114286 0.2539059999999999 0.025 0.018533
0 0.13706600000000002 0.295312 0.021875 0.020849
0 0.133977 0.2624999999999999 0.021875 0.019305
0 0.179151 0.285937 0.021875 0.02471
0 0.030888000000000027 0.23906199999999994 0.075 0.060232
0 0.06872600000000001 0.23124999999999996 0.021875 0.015444
0 0.052124000000000004 0.257812 0.015625 0.019305
0 0.07915100000000003 0.248437 0.05625 0.036293
0 0.33050199999999996 0.8125 0.015625 0.023166
0 0.279151 0.780078 0.050781 0.039382
0 0.32548299999999997 0.790234 0.044531 0.050193
0 0.353668 0.837109 0.017969 0.023166
0 0.345946 0.758203 0.017969 0.023166
0 0.21776100000000004 0.762109 0.014844 0.027799
0 0.09189200000000003 0.922656 0.028125 0.026255
0 0.237838 0.5375 0.021875 0.023166
0 0.275676 0.5390619999999999 0.021875 0.012355
0 0.288417 0.542187 0.015625 0.011583
0 0.291892 0.560937 0.015625 0.015444
0 0.272973 0.639062 0.021875 0.019305
0 0.238224 0.6015619999999999 0.021875 0.019305
0 0.19575299999999995 0.584375 0.025 0.030116
0 0.279923 0.667578 0.019531 0.016216
0 0.307336 0.633984 0.021094 0.023166
0 0.342085 0.620312 0.025 0.023166
0 0.334363 0.542187 0.028125 0.023166
0 0.364865 0.526562 0.021875 0.019305
0 0.352124 0.489062 0.021875 0.02471
0 0.415058 0.545703 0.049219 0.050193
0 0.4444020000000001 0.520703 0.011719 0.017761
0 0.460618 0.510937 0.01875 0.016216
0 0.405792 0.587109 0.021094 0.019305
0 0.380695 0.642188 0.01875 0.020077
0 0.196139 0.6882809999999999 0.073438 0.067954
0 0.15675700000000004 0.7308589999999999 0.021094 0.018533
0 0.17413100000000004 0.741016 0.021094 0.017761
0 0.184556 0.6664059999999999 0.017188 0.015444
0 0.179151 0.6882809999999999 0.014063 0.015444
0 0.485328 0.645313 0.026562 0.022394
0 0.506564 0.691016 0.027344 0.027799
