0 0.418147 0.26640600000000003 0.020313 0.016216
0 0.057143 0.08125000000000003 0.021875 0.015444
0 0.09961399999999998 0.09453100000000002 0.021875 0.015444
0 0.011582999999999954 0.805078 0.019531 0.021622
0 0.026641000000000026 0.568359 0.032031 0.019305
0 0.01853300000000002 0.5062499999999999 0.021875 0.023166
0 0.472973 0.9812500000000001 0.01875 0.027027
0 0.503475 0.988672 0.021094 0.018533
0 0.53668 0.9625 0.01875 0.026255
0 0.268726 0.992578 0.013281 0.023166
0 0.21119700000000002 0.887109 0.025781 0.027027
0 0.114286 0.2539059999999999 0.025 0.018533
0 0.13706600000000002 0.295312 0.021875 0.020849
0 0.133977 0.2624999999999999 0.021875 0.019305
0 0.179151 0.285937 0.021875 0.02471
0 0.030888000000000027 0.23906199999999994 0.075 0.060232
0 0.06872600000000001 0.23124999999999996 0.021875 0.015444
0 0.052124000000000004 0.257812 0.015625 0.019305
0 0.07915100000000003 0.248437 0.05625 0.036293
0 0.33050199999999996 0.8125 0.015625 0.023166
0 0.279151 0.780078 0.050781 0.039382
0 0.32548299999999997 0.790234 0.044531 0.050193
0 0.353668 0.837109 0.017969 0.023166
0 0.345946 0.758203 0.017969 0.023166
0 0.21776100000000004 0.762109 0.014844 0.027799
0 0.09189200000000003 0.922656 0.028125 0.026255
0 0.237838 0.5375 0.021875 0.023166
0 0.275676 0.5390619999999999 0.021875 0.012355
0 0.288417 0.542187 0.015625 0.011583
0 0.291892 0.560937 0.015625 0.015444
0 0.272973 0.639062 0.021875 0.019305
0 0.238224 0.6015619999999999 0.021875 0.019305
0 0.19575299999999995 0.584375 0.025 0.030116
0 0.279923 0.667578 0.019531 0.016216
0 0.307336 0.633984 0.021094 0.023166
0 0.342085 0.620312 0.025 0.023166
0 0.334363 0.542187 0.028125 0.023166
0 0.364865 0.526562 0.021875 0.019305
0 0.352124 0.489062 0.021875 0.02471
0 0.415058 0.545703 0.049219 0.050193
0 0.4444020000000001 0.520703 0.011719 0.017761
0 0.460618 0.510937 0.01875 0.016216
0 0.405792 0.587109 0.021094 0.019305
0 0.380309 0.6437499999999999 0.01875 0.019305
0 0.195753 0.6882809999999999 0.073438 0.068726
0 0.15675700000000004 0.7308589999999999 0.021094 0.018533
0 0.17258700000000005 0.745312 0.021875 0.019305
0 0.184556 0.6664059999999999 0.017188 0.015444
0 0.179151 0.6882809999999999 0.014063 0.015444
0 0.48417 0.6464840000000001 0.025781 0.023166
0 0.504247 0.689844 0.028125 0.027799
0 0.057529 0.635937 0.034375 0.027027
0 0.08725900000000003 0.709375 0.021875 0.02471
0 0.2760619999999999 0.43437499999999996 0.025 0.030116
0 0.179537 0.49960899999999997 0.025781 0.023938
0 0.17567600000000005 0.408984 0.022656 0.022394
0 0.19189200000000006 0.393359 0.024219 0.022394
0 0.20617800000000003 0.40703100000000003 0.021875 0.018533
0 0.21467200000000003 0.426562 0.028125 0.023166
0 0.364093 0.34960899999999995 0.014844 0.014672
0 0.391892 0.35156200000000004 0.05625 0.050193
0 0.428958 0.330859 0.017969 0.014672
0 0.410039 0.408984 0.024219 0.015444
0 0.388031 0.368359 0.014844 0.019305
0 0.464865 0.44335899999999995 0.049219 0.046332
0 0.542085 0.540625 0.034375 0.030888
0 0.59305 0.630078 0.024219 0.032432
0 0.611583 0.684766 0.017969 0.023166
0 0.634363 0.761719 0.021875 0.016216
0 0.637452 0.716016 0.014844 0.014672
0 0.6694980000000001 0.7160159999999999 0.069531 0.067954
