0 0.26640600000000003 0.581853 0.020313 0.016216
0 0.08124999999999999 0.942857 0.021875 0.015444
0 0.09453099999999998 0.9003859999999999 0.021875 0.015444
0 0.805078 0.9884170000000001 0.019531 0.021622
0 0.568359 0.973359 0.032031 0.019305
0 0.5046879999999999 0.981467 0.021875 0.023166
0 0.98125 0.5270270000000001 0.01875 0.027027
0 0.988672 0.49652500000000005 0.021094 0.018533
0 0.9625 0.46331999999999995 0.01875 0.026255
0 0.992578 0.730888 0.013281 0.022394
0 0.8859379999999999 0.787645 0.026562 0.027799
