0 0.26640600000000003 0.581853 0.020313 0.016216
0 0.08124999999999999 0.942857 0.021875 0.015444
0 0.09453099999999998 0.9003859999999999 0.021875 0.015444
0 0.805078 0.9884170000000001 0.019531 0.021622
0 0.568359 0.973359 0.032031 0.019305
0 0.5062499999999999 0.981467 0.021875 0.023166
0 0.98125 0.5270270000000001 0.01875 0.027027
0 0.988672 0.49652500000000005 0.021094 0.018533
0 0.9625 0.46331999999999995 0.01875 0.026255
0 0.992578 0.731274 0.013281 0.023166
0 0.8871089999999999 0.788803 0.025781 0.027027
0 0.2539059999999999 0.885714 0.025 0.018533
0 0.29531199999999996 0.862934 0.021875 0.020849
0 0.26093799999999995 0.8656369999999999 0.021875 0.020077
0 0.282813 0.8208489999999999 0.021875 0.02471
0 0.2378909999999999 0.9691119999999999 0.074219 0.060232
0 0.228516 0.9308879999999999 0.022656 0.016216
0 0.257422 0.9478759999999999 0.016406 0.019305
0 0.24843699999999996 0.9208489999999999 0.05625 0.036293
0 0.809766 0.668726 0.016406 0.021622
0 0.780078 0.7208490000000001 0.050781 0.039382
0 0.789844 0.674517 0.045312 0.050193
0 0.835938 0.646332 0.017188 0.023166
0 0.758203 0.65251 0.017969 0.021622
0 0.7621089999999999 0.782239 0.014844 0.027799
