0 0.26640600000000003 0.581853 0.020313 0.016216
0 0.08124999999999999 0.942857 0.021875 0.015444
0 0.09453099999999998 0.9003859999999999 0.021875 0.015444
0 0.805078 0.9884170000000001 0.019531 0.021622
0 0.568359 0.973359 0.032031 0.019305
0 0.5062499999999999 0.981467 0.021875 0.023166
0 0.98125 0.5270270000000001 0.01875 0.027027
0 0.988672 0.49652500000000005 0.021094 0.018533
0 0.9625 0.46331999999999995 0.01875 0.026255
0 0.992578 0.731274 0.013281 0.023166
0 0.8871089999999999 0.788803 0.025781 0.027027
0 0.2539059999999999 0.885714 0.025 0.018533
0 0.29531199999999996 0.862934 0.021875 0.020849
0 0.2605469999999999 0.8652509999999999 0.021094 0.020849
0 0.28242199999999995 0.8208489999999999 0.022656 0.02471
0 0.2375 0.9691119999999999 0.073438 0.060232
0 0.22812499999999997 0.9301159999999999 0.021875 0.016216
0 0.25664099999999995 0.9478759999999999 0.016406 0.019305
0 0.24804699999999996 0.9208489999999999 0.057031 0.036293
