0 0.581853 0.733594 0.020313 0.016216
0 0.942857 0.91875 0.021875 0.015444
0 0.9003859999999999 0.9054690000000001 0.021875 0.015444
0 0.9884170000000001 0.19492200000000018 0.019531 0.021622
0 0.973359 0.43164100000000005 0.032031 0.019305
0 0.981467 0.49375000000000013 0.021875 0.023166
0 0.5270270000000001 0.018749999999999965 0.01875 0.027027
0 0.4965250000000001 0.011327999999999984 0.021094 0.018533
0 0.46332000000000007 0.03749999999999995 0.01875 0.026255
0 0.731274 0.007422000000000019 0.013281 0.023166
0 0.788803 0.11289100000000005 0.025781 0.027027
0 0.8857139999999999 0.7460940000000001 0.025 0.018533
0 0.8629339999999999 0.7046880000000001 0.021875 0.020849
0 0.865251 0.739453 0.021094 0.020849
0 0.8208489999999999 0.717578 0.022656 0.02471
0 0.969112 0.7625000000000001 0.073438 0.060232
0 0.9301159999999999 0.7718750000000001 0.021875 0.016216
0 0.9478759999999999 0.7433590000000001 0.016406 0.019305
0 0.9208489999999999 0.751953 0.057031 0.036293
