0 0.581853 0.733594 0.020313 0.016216
0 0.942857 0.91875 0.021875 0.015444
0 0.9003859999999999 0.9054690000000001 0.021875 0.015444
0 0.9884170000000001 0.19492200000000018 0.019531 0.021622
0 0.973359 0.43164100000000005 0.032031 0.019305
0 0.981467 0.4957030000000001 0.021094 0.023166
0 0.5266410000000001 0.01874999999999996 0.01875 0.026255
0 0.4957530000000001 0.011327999999999984 0.021094 0.018533
0 0.46332000000000007 0.03828099999999998 0.01875 0.026255
0 0.7305020000000001 0.007422000000000064 0.013281 0.021622
