0 0.581853 0.733594 0.020313 0.016216
0 0.942857 0.91875 0.021875 0.015444
0 0.9003859999999999 0.9054690000000001 0.021875 0.015444
0 0.9884170000000001 0.19492200000000018 0.019531 0.021622
0 0.973359 0.43164100000000005 0.032031 0.019305
0 0.981467 0.49375000000000013 0.021875 0.023166
0 0.5270270000000001 0.018749999999999965 0.01875 0.027027
0 0.4965250000000001 0.011327999999999984 0.021094 0.018533
0 0.46332000000000007 0.03749999999999995 0.01875 0.026255
0 0.731274 0.007422000000000019 0.013281 0.023166
0 0.788803 0.11289100000000005 0.025781 0.027027
0 0.8857139999999999 0.7460940000000001 0.025 0.018533
0 0.8629339999999999 0.7046880000000001 0.021875 0.020849
0 0.866023 0.7375000000000002 0.021875 0.019305
0 0.8208489999999999 0.7152340000000001 0.022656 0.02471
0 0.969112 0.760938 0.075 0.060232
0 0.9312739999999999 0.769531 0.021875 0.015444
0 0.9478759999999999 0.7421880000000001 0.015625 0.019305
0 0.9208489999999999 0.7515630000000001 0.05625 0.036293
0 0.669498 0.18828100000000006 0.015625 0.023166
0 0.7208490000000001 0.21992200000000003 0.050781 0.039382
0 0.674517 0.20976600000000006 0.044531 0.050193
0 0.6463320000000001 0.16289099999999998 0.017969 0.023166
0 0.6540540000000001 0.24179700000000007 0.017969 0.023166
0 0.782239 0.237891 0.014844 0.027799
0 0.907722 0.077344 0.028125 0.027027
0 0.761776 0.4625000000000001 0.021875 0.022394
0 0.724324 0.46132800000000007 0.022656 0.012355
0 0.7111970000000001 0.4578130000000001 0.015625 0.012355
0 0.707336 0.43906300000000004 0.015625 0.016988
0 0.725869 0.360938 0.021875 0.020077
0 0.759846 0.4000000000000001 0.020313 0.020077
0 0.8027029999999999 0.41640600000000005 0.025 0.03166
