4 0.085 0.077 0.027 0.041
4 0.989 0.656 0.020 0.038
0 0.724 0.383 0.024 0.041
1 0.142 0.226 0.040 0.065
1 0.123 0.966 0.048 0.029
1 0.886 0.570 0.021 0.041
1 0.017 0.805 0.032 0.056
0 0.383 0.895 0.030 0.046
4 0.051 0.011 0.022 0.022
4 0.008 0.788 0.016 0.040
4 0.007 0.828 0.015 0.036
4 0.072 0.020 0.039 0.040
4 0.005 0.861 0.011 0.044
4 0.068 0.984 0.022 0.027
4 0.147 0.102 0.035 0.051
4 0.403 0.942 0.038 0.028
1 0.079 0.690 0.039 0.040
1 0.748 0.635 0.023 0.042
4 0.892 0.056 0.037 0.033
1 0.671 0.458 0.025 0.046
0 0.726 0.416 0.037 0.038
0 0.133 0.483 0.025 0.041
1 0.784 0.689 0.032 0.029
0 0.761 0.830 0.021 0.035
4 0.013 0.792 0.022 0.040
4 0.397 0.909 0.028 0.028
0 0.608 0.550 0.031 0.042
0 0.119 0.748 0.027 0.058
0 0.419 0.908 0.032 0.041
0 0.413 0.955 0.029 0.048
0 0.415 0.718 0.037 0.045
0 0.644 0.875 0.022 0.034
0 0.672 0.876 0.025 0.041
