4 0.085 0.077 0.027 0.041
4 0.989 0.656 0.020 0.038
0 0.753 0.369 0.032 0.040
1 0.120 0.184 0.040 0.064
1 0.111 0.841 0.047 0.041
1 0.788 0.614 0.021 0.041
4 0.013 0.824 0.026 0.057
0 0.382 0.895 0.030 0.046
4 0.051 0.011 0.022 0.022
4 0.008 0.788 0.016 0.040
4 0.007 0.828 0.015 0.036
4 0.072 0.020 0.039 0.040
4 0.005 0.861 0.011 0.044
4 0.068 0.984 0.022 0.027
4 0.147 0.102 0.035 0.051
4 0.403 0.942 0.038 0.028
1 0.076 0.515 0.039 0.040
1 0.640 0.706 0.024 0.042
4 0.892 0.056 0.037 0.033
1 0.571 0.387 0.025 0.046
0 0.759 0.399 0.036 0.038
0 0.168 0.481 0.025 0.042
1 0.852 0.668 0.032 0.029
0 0.765 0.780 0.021 0.036
4 0.013 0.792 0.022 0.040
0 0.401 0.907 0.028 0.027
0 0.607 0.550 0.032 0.042
0 0.130 0.711 0.027 0.056
0 0.422 0.906 0.032 0.041
0 0.413 0.955 0.029 0.048
0 0.415 0.718 0.037 0.045
0 0.644 0.875 0.022 0.034
0 0.672 0.876 0.025 0.041
