1 0.194 0.903 0.019 0.029
1 0.738 0.555 0.025 0.060
4 0.882 0.050 0.034 0.042
0 0.783 0.364 0.039 0.040
0 0.841 0.290 0.042 0.048
4 0.991 0.283 0.015 0.050
1 0.662 0.703 0.034 0.031
1 0.398 0.772 0.028 0.043
0 0.983 0.537 0.031 0.041
0 0.300 0.518 0.029 0.050
0 0.044 0.752 0.025 0.033
4 0.630 0.972 0.022 0.044
1 0.350 0.517 0.037 0.069
0 0.398 0.900 0.022 0.029
1 0.070 0.754 0.040 0.042
0 0.259 0.501 0.041 0.041
0 0.218 0.534 0.034 0.044
0 0.029 0.022 0.035 0.043
4 0.050 0.034 0.033 0.044
0 0.028 0.744 0.018 0.031
4 0.970 0.684 0.038 0.031
0 0.449 0.886 0.032 0.040
0 0.456 0.926 0.025 0.029
0 0.415 0.713 0.025 0.031
0 0.645 0.878 0.027 0.035
0 0.673 0.875 0.028 0.040
