4 0.086 0.049 0.031 0.064
4 0.041 0.027 0.047 0.053
4 0.037 0.977 0.045 0.040
1 0.100 0.922 0.035 0.054
1 0.136 0.913 0.033 0.049
1 0.809 0.683 0.055 0.066
1 0.271 0.363 0.046 0.064
1 0.668 0.387 0.037 0.054
0 0.353 0.879 0.020 0.037
4 0.093 0.923 0.041 0.073
1 0.216 0.869 0.068 0.046
0 0.728 0.522 0.038 0.052
0 0.544 0.506 0.024 0.046
4 0.039 0.962 0.045 0.033
0 0.958 0.683 0.034 0.053
0 0.410 0.902 0.027 0.029
4 0.974 0.560 0.035 0.058
0 0.409 0.959 0.022 0.031
0 0.417 0.716 0.029 0.041
0 0.643 0.879 0.024 0.037
0 0.673 0.875 0.027 0.041
