4 0.085 0.077 0.027 0.041
4 0.989 0.656 0.020 0.038
0 0.607 0.439 0.022 0.041
1 0.231 0.340 0.040 0.064
4 0.124 0.983 0.048 0.028
4 0.987 0.568 0.021 0.041
1 0.080 0.719 0.036 0.056
0 0.402 0.906 0.031 0.045
4 0.051 0.011 0.022 0.022
0 0.026 0.770 0.028 0.040
0 0.039 0.790 0.028 0.036
1 0.082 0.351 0.039 0.049
1 0.122 0.724 0.047 0.046
4 0.068 0.984 0.022 0.027
4 0.147 0.102 0.035 0.051
4 0.403 0.942 0.038 0.028
4 0.105 0.970 0.039 0.038
4 0.985 0.616 0.025 0.041
0 0.877 0.048 0.037 0.033
4 0.988 0.561 0.018 0.048
0 0.636 0.454 0.036 0.038
4 0.012 0.537 0.025 0.041
4 0.663 0.983 0.032 0.028
4 0.755 0.981 0.025 0.029
4 0.011 0.792 0.018 0.040
4 0.398 0.907 0.028 0.027
0 0.609 0.547 0.027 0.038
0 0.044 0.893 0.028 0.059
0 0.434 0.912 0.032 0.041
0 0.412 0.957 0.031 0.044
0 0.414 0.718 0.035 0.045
0 0.644 0.875 0.022 0.034
0 0.671 0.875 0.025 0.040
