1 0.708 0.716 0.020 0.029
1 0.136 0.353 0.025 0.061
0 0.876 0.047 0.036 0.041
4 0.946 0.235 0.034 0.038
4 0.979 0.254 0.037 0.046
4 0.992 0.283 0.014 0.050
1 0.164 0.949 0.034 0.031
4 0.012 0.855 0.023 0.044
4 0.983 0.537 0.031 0.041
4 0.235 0.545 0.029 0.051
0 0.130 0.568 0.025 0.033
1 0.629 0.954 0.022 0.046
1 0.315 0.518 0.036 0.071
0 0.318 0.916 0.019 0.029
4 0.081 0.981 0.040 0.029
0 0.189 0.583 0.041 0.041
0 0.161 0.655 0.034 0.043
0 0.023 0.244 0.037 0.035
1 0.047 0.103 0.033 0.044
0 0.120 0.600 0.018 0.031
0 0.885 0.699 0.032 0.028
0 0.466 0.808 0.032 0.037
0 0.382 0.900 0.025 0.029
0 0.414 0.716 0.032 0.038
0 0.645 0.878 0.027 0.035
0 0.673 0.875 0.029 0.040
