4 0.086 0.049 0.031 0.064
1 0.044 0.071 0.047 0.069
4 0.040 0.977 0.042 0.040
1 0.103 0.950 0.035 0.054
1 0.136 0.947 0.033 0.048
1 0.765 0.702 0.055 0.067
1 0.315 0.382 0.044 0.065
1 0.655 0.389 0.037 0.054
0 0.354 0.883 0.020 0.038
4 0.093 0.920 0.041 0.074
1 0.198 0.889 0.064 0.051
0 0.718 0.523 0.038 0.052
0 0.531 0.512 0.024 0.046
4 0.042 0.962 0.044 0.033
0 0.944 0.683 0.030 0.053
0 0.420 0.902 0.027 0.029
4 0.974 0.560 0.035 0.058
0 0.409 0.959 0.021 0.031
0 0.417 0.716 0.029 0.041
0 0.643 0.879 0.024 0.037
0 0.673 0.875 0.027 0.041
