4 0.086 0.049 0.031 0.064
4 0.041 0.027 0.047 0.053
1 0.693 0.708 0.047 0.038
1 0.070 0.135 0.034 0.054
1 0.091 0.118 0.034 0.048
4 0.971 0.637 0.055 0.066
4 0.099 0.113 0.046 0.064
1 0.879 0.268 0.036 0.054
0 0.305 0.856 0.019 0.038
1 0.096 0.970 0.041 0.054
1 0.641 0.754 0.068 0.046
0 0.867 0.379 0.037 0.054
0 0.711 0.295 0.024 0.046
0 0.137 0.933 0.047 0.033
4 0.978 0.687 0.034 0.054
0 0.346 0.902 0.025 0.029
4 0.974 0.560 0.035 0.058
0 0.412 0.959 0.034 0.036
0 0.416 0.715 0.032 0.044
0 0.643 0.877 0.024 0.033
0 0.672 0.875 0.028 0.040
