4 0.140 0.972 0.039 0.035
0 0.314 0.478 0.018 0.018
1 0.590 0.657 0.028 0.052
1 0.209 0.534 0.062 0.057
0 0.425 0.920 0.022 0.023
4 0.020 0.906 0.022 0.038
4 0.091 0.977 0.041 0.036
0 0.178 0.599 0.026 0.033
0 0.180 0.628 0.027 0.028
1 0.965 0.559 0.034 0.051
4 0.963 0.252 0.037 0.046
0 0.041 0.556 0.037 0.062
0 0.079 0.268 0.033 0.046
1 0.872 0.607 0.041 0.052
1 0.573 0.488 0.034 0.031
0 0.305 0.507 0.027 0.027
0 0.768 0.879 0.018 0.029
0 0.602 0.562 0.021 0.034
0 0.401 0.906 0.020 0.028
0 0.412 0.960 0.031 0.038
0 0.414 0.718 0.037 0.045
0 0.644 0.875 0.025 0.036
0 0.672 0.875 0.028 0.038
