4 0.086 0.049 0.031 0.064
4 0.041 0.027 0.047 0.053
4 0.980 0.633 0.038 0.038
4 0.057 0.027 0.034 0.053
4 0.091 0.101 0.034 0.049
4 0.971 0.637 0.055 0.066
4 0.099 0.113 0.046 0.064
1 0.973 0.256 0.037 0.054
0 0.291 0.893 0.020 0.037
1 0.090 0.731 0.042 0.079
1 0.848 0.643 0.070 0.046
0 0.880 0.277 0.037 0.053
0 0.770 0.201 0.024 0.046
0 0.130 0.831 0.047 0.033
4 0.978 0.687 0.034 0.054
0 0.322 0.908 0.025 0.029
4 0.974 0.560 0.035 0.058
0 0.414 0.960 0.039 0.038
0 0.415 0.714 0.034 0.046
0 0.643 0.876 0.024 0.031
0 0.671 0.876 0.029 0.038
