0 0.932 0.386 0.015 0.048
0 0.393 0.631 0.025 0.033
0 0.478 0.517 0.017 0.029
0 0.608 0.551 0.028 0.046
4 0.755 0.981 0.043 0.033
0 0.186 0.263 0.044 0.044
0 0.498 0.876 0.025 0.041
4 0.009 0.297 0.019 0.038
0 0.850 0.521 0.032 0.048
0 0.414 0.711 0.027 0.036
0 0.148 0.213 0.037 0.048
0 0.301 0.925 0.024 0.033
0 0.335 0.922 0.021 0.041
0 0.368 0.899 0.026 0.031
4 0.013 0.381 0.020 0.046
1 0.268 0.393 0.032 0.029
1 0.082 0.812 0.044 0.041
0 0.069 0.928 0.027 0.036
0 0.487 0.268 0.027 0.037
0 0.411 0.958 0.028 0.038
0 0.405 0.693 0.028 0.025
