0 0.054 0.959 0.032 0.040
4 0.070 0.042 0.026 0.044
4 0.981 0.625 0.035 0.045
4 0.980 0.020 0.029 0.040
4 0.954 0.020 0.032 0.040
1 0.117 0.938 0.026 0.036
1 0.076 0.239 0.027 0.033
0 0.204 0.114 0.031 0.033
0 0.216 0.097 0.031 0.035
4 0.987 0.562 0.020 0.034
0 0.142 0.272 0.033 0.043
0 0.396 0.896 0.035 0.041
0 0.974 0.684 0.024 0.035
0 0.413 0.905 0.029 0.040
1 0.319 0.833 0.025 0.041
1 0.791 0.630 0.032 0.048
0 0.409 0.960 0.032 0.041
0 0.416 0.715 0.032 0.044
0 0.643 0.874 0.028 0.043
0 0.669 0.878 0.025 0.035
