4 0.136 0.970 0.039 0.038
0 0.366 0.480 0.018 0.018
1 0.527 0.636 0.028 0.051
1 0.175 0.546 0.062 0.056
0 0.402 0.890 0.022 0.023
4 0.020 0.906 0.022 0.038
4 0.096 0.977 0.041 0.038
0 0.162 0.614 0.027 0.033
0 0.173 0.638 0.027 0.027
1 0.791 0.591 0.032 0.050
4 0.963 0.252 0.037 0.046
0 0.040 0.631 0.037 0.062
0 0.130 0.222 0.033 0.046
1 0.620 0.724 0.041 0.052
1 0.757 0.505 0.034 0.031
0 0.360 0.505 0.028 0.028
0 0.767 0.945 0.018 0.028
0 0.612 0.545 0.021 0.034
0 0.398 0.903 0.020 0.029
0 0.412 0.960 0.031 0.038
0 0.414 0.718 0.037 0.045
0 0.644 0.875 0.025 0.036
0 0.671 0.875 0.027 0.038
