0 0.889 0.460 0.021 0.045
0 0.468 0.614 0.025 0.033
0 0.387 0.518 0.017 0.029
0 0.551 0.629 0.027 0.046
4 0.755 0.981 0.043 0.033
0 0.267 0.249 0.044 0.043
0 0.497 0.868 0.025 0.048
4 0.009 0.308 0.019 0.037
0 0.893 0.488 0.032 0.048
0 0.414 0.711 0.027 0.036
0 0.116 0.248 0.036 0.048
0 0.302 0.926 0.023 0.033
0 0.341 0.902 0.021 0.042
0 0.378 0.901 0.026 0.031
4 0.013 0.381 0.020 0.046
1 0.073 0.308 0.032 0.029
4 0.010 0.841 0.020 0.041
4 0.033 0.984 0.028 0.023
0 0.515 0.235 0.024 0.038
0 0.410 0.958 0.027 0.038
0 0.405 0.693 0.028 0.025
