4 0.085 0.077 0.027 0.041
4 0.989 0.656 0.020 0.038
0 0.679 0.404 0.022 0.041
1 0.172 0.282 0.040 0.064
4 0.124 0.983 0.048 0.028
4 0.987 0.568 0.021 0.041
1 0.041 0.772 0.037 0.056
0 0.390 0.902 0.030 0.046
4 0.051 0.011 0.022 0.022
4 0.008 0.788 0.016 0.040
4 0.007 0.828 0.015 0.036
4 0.068 0.055 0.039 0.048
4 0.005 0.861 0.011 0.044
4 0.068 0.984 0.022 0.027
4 0.147 0.102 0.035 0.051
4 0.403 0.942 0.038 0.028
1 0.106 0.969 0.039 0.040
1 0.949 0.599 0.026 0.046
4 0.892 0.056 0.037 0.033
1 0.831 0.523 0.025 0.045
0 0.691 0.439 0.036 0.038
0 0.084 0.506 0.025 0.041
1 0.688 0.770 0.032 0.029
0 0.758 0.914 0.025 0.028
4 0.013 0.792 0.021 0.040
4 0.397 0.909 0.028 0.028
0 0.609 0.548 0.029 0.040
0 0.093 0.818 0.028 0.058
0 0.419 0.912 0.032 0.041
0 0.413 0.956 0.029 0.046
0 0.415 0.718 0.037 0.045
0 0.644 0.875 0.022 0.034
0 0.672 0.876 0.025 0.041
