0 0.953 0.360 0.018 0.046
0 0.357 0.633 0.029 0.041
0 0.515 0.513 0.018 0.027
0 0.626 0.510 0.027 0.046
4 0.755 0.981 0.043 0.033
0 0.151 0.273 0.037 0.043
0 0.499 0.882 0.023 0.040
4 0.009 0.294 0.019 0.038
0 0.821 0.554 0.029 0.045
0 0.414 0.711 0.027 0.036
0 0.168 0.208 0.034 0.050
0 0.299 0.924 0.024 0.031
0 0.332 0.935 0.021 0.041
0 0.374 0.900 0.026 0.033
4 0.013 0.381 0.020 0.046
1 0.371 0.433 0.032 0.029
1 0.173 0.793 0.039 0.042
0 0.093 0.898 0.031 0.040
0 0.474 0.280 0.029 0.036
0 0.411 0.958 0.028 0.038
0 0.405 0.693 0.028 0.025
