1 0.776 0.668 0.020 0.029
1 0.103 0.265 0.025 0.060
0 0.862 0.035 0.036 0.042
4 0.950 0.233 0.034 0.038
4 0.979 0.254 0.037 0.046
4 0.992 0.283 0.014 0.050
4 0.148 0.973 0.034 0.031
4 0.012 0.855 0.023 0.044
4 0.983 0.537 0.031 0.041
4 0.235 0.545 0.029 0.051
0 0.141 0.535 0.025 0.033
1 0.629 0.916 0.022 0.046
1 0.312 0.516 0.036 0.071
0 0.331 0.914 0.020 0.028
4 0.081 0.981 0.040 0.029
0 0.189 0.591 0.041 0.041
0 0.161 0.653 0.034 0.044
0 0.026 0.282 0.037 0.036
1 0.043 0.192 0.034 0.044
0 0.127 0.572 0.018 0.031
0 0.864 0.696 0.032 0.027
0 0.475 0.764 0.031 0.038
0 0.380 0.903 0.025 0.029
0 0.414 0.717 0.034 0.040
0 0.645 0.878 0.027 0.035
0 0.673 0.875 0.029 0.040
