1 0.212 0.892 0.020 0.029
1 0.725 0.549 0.025 0.061
4 0.882 0.050 0.034 0.042
0 0.785 0.360 0.038 0.038
0 0.846 0.288 0.042 0.049
4 0.992 0.283 0.014 0.050
1 0.650 0.709 0.034 0.031
1 0.387 0.772 0.027 0.043
0 0.983 0.537 0.031 0.041
0 0.299 0.518 0.029 0.050
0 0.046 0.747 0.025 0.033
4 0.630 0.972 0.022 0.044
1 0.348 0.517 0.037 0.069
0 0.395 0.900 0.022 0.029
1 0.071 0.768 0.040 0.042
0 0.257 0.504 0.041 0.042
0 0.216 0.536 0.034 0.044
0 0.029 0.022 0.035 0.043
4 0.050 0.034 0.033 0.044
0 0.029 0.743 0.018 0.031
4 0.969 0.683 0.037 0.033
0 0.449 0.886 0.032 0.040
0 0.456 0.926 0.025 0.029
0 0.415 0.713 0.025 0.031
0 0.645 0.878 0.027 0.035
0 0.673 0.875 0.028 0.040
