4 0.133 0.970 0.041 0.038
0 0.402 0.480 0.018 0.018
1 0.478 0.621 0.028 0.051
1 0.146 0.559 0.062 0.056
0 0.390 0.895 0.022 0.023
4 0.020 0.906 0.022 0.038
4 0.100 0.976 0.041 0.040
0 0.150 0.622 0.027 0.033
0 0.150 0.659 0.027 0.028
1 0.662 0.679 0.032 0.051
4 0.963 0.252 0.037 0.046
0 0.040 0.701 0.037 0.062
0 0.171 0.175 0.034 0.046
1 0.401 0.776 0.042 0.051
1 0.897 0.592 0.035 0.031
0 0.397 0.500 0.028 0.027
4 0.768 0.985 0.018 0.021
0 0.612 0.545 0.021 0.034
0 0.430 0.892 0.019 0.029
0 0.412 0.960 0.031 0.038
0 0.414 0.718 0.035 0.045
0 0.643 0.875 0.024 0.034
0 0.671 0.875 0.027 0.038
