4 0.137 0.972 0.040 0.035
0 0.362 0.480 0.018 0.018
1 0.532 0.636 0.028 0.051
1 0.177 0.546 0.062 0.056
0 0.402 0.892 0.022 0.023
4 0.020 0.906 0.022 0.038
4 0.096 0.977 0.041 0.038
0 0.163 0.612 0.027 0.033
0 0.174 0.636 0.027 0.028
1 0.802 0.589 0.032 0.050
4 0.963 0.252 0.037 0.046
0 0.040 0.627 0.037 0.062
0 0.127 0.224 0.033 0.046
1 0.636 0.715 0.041 0.051
1 0.745 0.498 0.034 0.031
0 0.355 0.505 0.028 0.028
0 0.767 0.941 0.018 0.029
0 0.612 0.545 0.021 0.034
0 0.395 0.903 0.020 0.029
0 0.412 0.960 0.031 0.038
0 0.414 0.718 0.037 0.045
0 0.644 0.875 0.025 0.036
0 0.671 0.875 0.027 0.038
