1 0.118 0.905 0.043 0.040
0 0.448 0.470 0.020 0.031
1 0.427 0.601 0.027 0.052
1 0.132 0.571 0.062 0.056
0 0.369 0.888 0.022 0.023
0 0.063 0.920 0.020 0.036
1 0.096 0.854 0.041 0.042
0 0.150 0.622 0.027 0.033
0 0.152 0.653 0.027 0.028
1 0.520 0.747 0.032 0.050
4 0.963 0.252 0.037 0.046
0 0.040 0.770 0.037 0.062
0 0.196 0.133 0.033 0.046
1 0.216 0.824 0.042 0.051
4 0.985 0.630 0.024 0.031
0 0.443 0.499 0.027 0.027
4 0.768 0.985 0.018 0.021
0 0.612 0.545 0.021 0.034
0 0.449 0.887 0.020 0.029
0 0.412 0.960 0.031 0.038
0 0.414 0.718 0.035 0.045
0 0.643 0.875 0.024 0.034
0 0.671 0.875 0.025 0.038
