0 0.067 0.875 0.032 0.040
4 0.070 0.042 0.026 0.044
4 0.981 0.625 0.035 0.045
4 0.980 0.020 0.029 0.040
4 0.954 0.020 0.032 0.040
1 0.342 0.776 0.027 0.035
1 0.087 0.635 0.028 0.033
4 0.152 0.112 0.031 0.033
4 0.158 0.107 0.031 0.036
4 0.987 0.562 0.020 0.034
0 0.139 0.144 0.033 0.044
0 0.330 0.896 0.034 0.041
4 0.974 0.684 0.027 0.040
0 0.387 0.892 0.029 0.040
4 0.145 0.972 0.025 0.042
4 0.981 0.560 0.032 0.050
0 0.410 0.960 0.035 0.041
0 0.416 0.715 0.032 0.044
0 0.643 0.875 0.027 0.041
0 0.670 0.878 0.027 0.035
