1 0.616 0.781 0.019 0.028
1 0.232 0.396 0.025 0.061
4 0.882 0.050 0.034 0.042
0 0.931 0.239 0.034 0.038
4 0.979 0.254 0.037 0.046
4 0.992 0.283 0.014 0.050
1 0.226 0.845 0.034 0.031
4 0.012 0.855 0.023 0.044
4 0.983 0.537 0.031 0.041
4 0.235 0.545 0.029 0.051
0 0.119 0.610 0.025 0.033
4 0.630 0.975 0.022 0.041
1 0.318 0.523 0.036 0.071
0 0.312 0.908 0.019 0.029
4 0.081 0.981 0.040 0.029
0 0.190 0.573 0.041 0.042
0 0.161 0.657 0.034 0.043
0 0.026 0.205 0.037 0.035
4 0.050 0.023 0.033 0.043
0 0.110 0.636 0.018 0.031
0 0.916 0.692 0.032 0.028
0 0.450 0.843 0.032 0.038
0 0.397 0.902 0.025 0.029
0 0.414 0.716 0.031 0.038
0 0.645 0.878 0.027 0.035
0 0.673 0.875 0.029 0.040
