4 0.049 0.977 0.029 0.038
4 0.070 0.042 0.026 0.044
4 0.981 0.625 0.035 0.045
4 0.980 0.020 0.029 0.040
4 0.954 0.020 0.032 0.040
4 0.100 0.985 0.027 0.025
4 0.064 0.014 0.027 0.028
0 0.311 0.153 0.030 0.033
0 0.319 0.125 0.030 0.036
1 0.969 0.565 0.022 0.035
0 0.147 0.442 0.034 0.044
0 0.426 0.925 0.033 0.042
0 0.859 0.692 0.024 0.035
4 0.140 0.961 0.027 0.048
4 0.561 0.973 0.033 0.028
4 0.397 0.913 0.029 0.040
1 0.664 0.748 0.028 0.041
1 0.359 0.763 0.033 0.048
0 0.407 0.960 0.029 0.041
0 0.416 0.716 0.029 0.040
0 0.643 0.873 0.028 0.048
0 0.670 0.877 0.024 0.040
