4 0.139 0.972 0.037 0.035
0 0.320 0.478 0.018 0.018
1 0.581 0.653 0.028 0.051
1 0.205 0.536 0.062 0.056
0 0.421 0.915 0.022 0.023
4 0.020 0.906 0.022 0.038
4 0.091 0.977 0.041 0.036
0 0.177 0.599 0.026 0.033
0 0.179 0.628 0.026 0.028
1 0.943 0.560 0.033 0.050
4 0.963 0.252 0.037 0.046
0 0.041 0.564 0.037 0.062
0 0.086 0.262 0.034 0.046
1 0.840 0.611 0.042 0.052
1 0.593 0.488 0.035 0.031
0 0.311 0.507 0.027 0.027
0 0.768 0.885 0.018 0.029
0 0.603 0.558 0.021 0.033
0 0.398 0.906 0.020 0.028
0 0.412 0.960 0.031 0.038
0 0.414 0.718 0.037 0.045
0 0.644 0.875 0.025 0.036
0 0.672 0.875 0.028 0.038
