4 0.086 0.049 0.031 0.064
4 0.041 0.027 0.047 0.053
1 0.187 0.876 0.047 0.038
1 0.093 0.718 0.035 0.054
1 0.127 0.692 0.033 0.048
4 0.971 0.637 0.055 0.066
1 0.104 0.130 0.046 0.064
1 0.741 0.353 0.036 0.054
0 0.350 0.858 0.020 0.038
4 0.093 0.939 0.041 0.066
1 0.347 0.837 0.068 0.046
0 0.796 0.504 0.037 0.054
0 0.610 0.458 0.024 0.046
0 0.020 0.962 0.040 0.033
4 0.978 0.687 0.034 0.054
0 0.356 0.900 0.027 0.029
4 0.974 0.560 0.035 0.058
0 0.410 0.959 0.027 0.031
0 0.416 0.716 0.031 0.041
0 0.643 0.878 0.024 0.035
0 0.673 0.875 0.027 0.041
