4 0.085 0.077 0.027 0.041
4 0.989 0.656 0.020 0.038
0 0.750 0.372 0.030 0.040
1 0.123 0.190 0.040 0.064
1 0.113 0.856 0.047 0.042
1 0.801 0.604 0.021 0.042
4 0.011 0.830 0.022 0.056
0 0.384 0.895 0.030 0.046
4 0.051 0.011 0.022 0.022
4 0.008 0.788 0.016 0.040
4 0.007 0.828 0.015 0.036
4 0.072 0.020 0.039 0.040
4 0.005 0.861 0.011 0.044
4 0.068 0.984 0.022 0.027
4 0.147 0.102 0.035 0.051
4 0.403 0.942 0.038 0.028
1 0.079 0.536 0.039 0.040
1 0.656 0.698 0.024 0.042
4 0.892 0.056 0.037 0.033
1 0.584 0.392 0.025 0.046
0 0.755 0.402 0.036 0.037
0 0.164 0.481 0.025 0.042
1 0.845 0.670 0.032 0.028
0 0.764 0.786 0.021 0.035
4 0.013 0.792 0.022 0.040
0 0.401 0.909 0.028 0.028
0 0.607 0.550 0.032 0.042
0 0.132 0.716 0.027 0.056
0 0.422 0.906 0.032 0.041
0 0.413 0.955 0.029 0.048
0 0.415 0.718 0.037 0.045
0 0.644 0.875 0.022 0.034
0 0.672 0.876 0.025 0.041
