4 0.984 0.531 0.027 0.045
0 0.578 0.847 0.030 0.037
4 0.419 0.939 0.021 0.033
0 0.575 0.187 0.030 0.041
0 0.287 0.937 0.014 0.028
0 0.308 0.964 0.019 0.029
0 0.423 0.920 0.028 0.034
0 0.608 0.298 0.036 0.046
1 0.637 0.731 0.040 0.038
1 0.733 0.668 0.041 0.046
0 0.803 0.725 0.014 0.025
0 0.786 0.716 0.020 0.025
0 0.772 0.689 0.017 0.025
0 0.775 0.676 0.035 0.040
1 0.777 0.640 0.042 0.049
0 0.297 0.942 0.014 0.028
4 0.978 0.561 0.035 0.043
4 0.338 0.178 0.031 0.056
0 0.722 0.510 0.037 0.046
0 0.777 0.699 0.020 0.029
4 0.044 0.078 0.039 0.076
