1 0.098 0.727 0.044 0.040
0 0.482 0.470 0.020 0.031
1 0.394 0.563 0.028 0.052
1 0.131 0.580 0.062 0.056
0 0.361 0.888 0.022 0.023
0 0.198 0.903 0.020 0.035
1 0.080 0.702 0.040 0.041
0 0.146 0.633 0.027 0.034
0 0.150 0.655 0.027 0.027
1 0.389 0.778 0.032 0.050
1 0.819 0.300 0.036 0.046
0 0.050 0.839 0.036 0.062
0 0.219 0.087 0.034 0.046
1 0.106 0.946 0.041 0.052
4 0.985 0.630 0.024 0.031
0 0.479 0.492 0.028 0.027
4 0.768 0.985 0.018 0.021
0 0.612 0.545 0.021 0.034
0 0.451 0.889 0.020 0.028
0 0.412 0.960 0.031 0.038
0 0.414 0.718 0.035 0.045
0 0.643 0.875 0.024 0.034
0 0.670 0.875 0.024 0.038
