1 0.106 0.489 0.043 0.040
1 0.395 0.844 0.048 0.040
0 0.513 0.465 0.018 0.031
1 0.363 0.503 0.027 0.051
4 0.124 0.983 0.048 0.028
4 0.987 0.569 0.021 0.043
1 0.134 0.599 0.062 0.056
0 0.368 0.900 0.022 0.023
0 0.403 0.852 0.021 0.036
1 0.071 0.483 0.040 0.041
0 0.130 0.643 0.026 0.033
0 0.134 0.670 0.026 0.027
1 0.248 0.787 0.032 0.051
1 0.598 0.347 0.037 0.046
0 0.064 0.915 0.036 0.062
0 0.206 0.085 0.034 0.045
4 0.429 0.982 0.037 0.027
4 0.104 0.977 0.042 0.036
4 0.985 0.630 0.024 0.031
4 0.830 0.039 0.037 0.041
4 0.983 0.561 0.020 0.048
0 0.526 0.482 0.028 0.027
4 0.016 0.537 0.028 0.041
4 0.664 0.986 0.034 0.023
4 0.768 0.985 0.018 0.021
4 0.009 0.793 0.014 0.042
4 0.401 0.905 0.028 0.027
0 0.612 0.545 0.021 0.034
4 0.029 0.912 0.028 0.058
0 0.468 0.902 0.020 0.029
0 0.412 0.960 0.031 0.038
0 0.415 0.718 0.034 0.045
0 0.644 0.875 0.022 0.034
0 0.670 0.875 0.024 0.038
