4 0.930 0.245 0.053 0.062
4 0.101 0.094 0.042 0.052
4 0.059 0.021 0.041 0.041
1 0.522 0.757 0.044 0.056
4 0.069 0.967 0.036 0.060
1 0.165 0.959 0.046 0.061
0 0.336 0.902 0.021 0.042
4 0.101 0.056 0.037 0.058
0 0.946 0.258 0.027 0.046
0 0.429 0.426 0.037 0.040
4 0.984 0.653 0.029 0.048
1 0.623 0.698 0.053 0.059
1 0.662 0.710 0.048 0.054
4 0.091 0.972 0.042 0.051
4 0.137 0.975 0.027 0.041
4 0.961 0.688 0.047 0.052
1 0.409 0.771 0.045 0.054
4 0.062 0.039 0.036 0.067
1 0.139 0.823 0.030 0.050
1 0.858 0.560 0.043 0.067
4 0.047 0.977 0.037 0.041
4 0.112 0.968 0.036 0.051
4 0.975 0.531 0.038 0.067
0 0.373 0.873 0.026 0.031
4 0.144 0.967 0.048 0.048
0 0.607 0.548 0.029 0.046
0 0.316 0.610 0.040 0.067
0 0.755 0.860 0.023 0.058
0 0.459 0.892 0.039 0.046
0 0.411 0.957 0.022 0.040
0 0.416 0.718 0.032 0.041
0 0.643 0.878 0.024 0.035
0 0.673 0.875 0.025 0.041
