4 0.936 0.241 0.053 0.062
4 0.101 0.094 0.042 0.052
4 0.059 0.021 0.041 0.041
1 0.483 0.759 0.043 0.056
4 0.069 0.967 0.036 0.060
1 0.185 0.927 0.046 0.061
0 0.331 0.904 0.021 0.041
4 0.101 0.056 0.037 0.058
0 0.955 0.256 0.028 0.046
0 0.442 0.421 0.037 0.040
4 0.984 0.653 0.029 0.048
1 0.582 0.722 0.053 0.059
1 0.622 0.731 0.047 0.054
4 0.091 0.972 0.042 0.051
4 0.137 0.976 0.027 0.040
4 0.961 0.688 0.047 0.052
1 0.368 0.777 0.044 0.053
4 0.062 0.039 0.036 0.067
1 0.133 0.787 0.030 0.051
1 0.803 0.556 0.043 0.067
4 0.047 0.977 0.037 0.041
4 0.112 0.970 0.036 0.048
4 0.975 0.531 0.038 0.067
0 0.370 0.873 0.026 0.031
4 0.144 0.967 0.048 0.048
0 0.608 0.548 0.028 0.046
0 0.327 0.606 0.040 0.066
0 0.755 0.843 0.025 0.058
0 0.462 0.887 0.039 0.046
0 0.411 0.957 0.022 0.040
0 0.416 0.718 0.032 0.041
0 0.643 0.878 0.024 0.035
0 0.673 0.875 0.025 0.041
