1 0.096 0.304 0.027 0.041
1 0.567 0.819 0.048 0.040
0 0.544 0.466 0.021 0.040
1 0.342 0.467 0.041 0.065
4 0.124 0.983 0.048 0.028
4 0.987 0.568 0.021 0.041
1 0.130 0.611 0.047 0.056
0 0.397 0.900 0.031 0.046
1 0.057 0.301 0.023 0.044
0 0.101 0.670 0.028 0.040
0 0.112 0.696 0.027 0.036
1 0.144 0.763 0.039 0.048
1 0.441 0.354 0.047 0.046
0 0.071 0.966 0.022 0.038
0 0.175 0.100 0.034 0.051
0 0.429 0.982 0.037 0.027
4 0.104 0.976 0.042 0.036
4 0.985 0.625 0.025 0.036
4 0.828 0.028 0.037 0.040
4 0.983 0.561 0.020 0.048
0 0.549 0.488 0.034 0.035
4 0.015 0.537 0.028 0.041
4 0.663 0.985 0.032 0.025
4 0.765 0.984 0.020 0.023
4 0.009 0.792 0.014 0.040
4 0.400 0.905 0.028 0.027
0 0.611 0.545 0.022 0.034
4 0.029 0.912 0.028 0.058
0 0.482 0.904 0.032 0.041
0 0.412 0.959 0.031 0.040
0 0.414 0.718 0.035 0.045
0 0.644 0.875 0.022 0.034
0 0.670 0.875 0.024 0.038
