4 0.962 0.222 0.053 0.062
4 0.101 0.094 0.042 0.052
4 0.059 0.021 0.041 0.041
1 0.292 0.772 0.043 0.056
4 0.069 0.967 0.036 0.060
1 0.304 0.842 0.046 0.060
0 0.327 0.916 0.021 0.042
4 0.101 0.056 0.037 0.058
4 0.978 0.252 0.028 0.046
0 0.496 0.413 0.037 0.040
4 0.984 0.653 0.029 0.048
1 0.380 0.770 0.053 0.059
1 0.414 0.789 0.048 0.054
4 0.091 0.972 0.042 0.051
4 0.137 0.977 0.027 0.038
4 0.961 0.688 0.047 0.052
1 0.186 0.810 0.044 0.054
4 0.062 0.039 0.036 0.067
1 0.118 0.614 0.030 0.050
1 0.545 0.498 0.043 0.067
4 0.047 0.977 0.037 0.041
4 0.112 0.971 0.036 0.046
1 0.893 0.531 0.036 0.067
0 0.371 0.861 0.026 0.031
4 0.142 0.971 0.048 0.046
0 0.612 0.548 0.027 0.046
0 0.377 0.564 0.040 0.066
0 0.773 0.770 0.025 0.059
0 0.461 0.887 0.039 0.046
0 0.410 0.957 0.021 0.035
0 0.416 0.718 0.031 0.041
0 0.643 0.879 0.024 0.037
0 0.673 0.875 0.025 0.041
