0 0.926 0.401 0.015 0.048
0 0.408 0.629 0.025 0.033
0 0.459 0.517 0.017 0.029
0 0.601 0.566 0.028 0.046
4 0.755 0.981 0.043 0.033
0 0.203 0.259 0.044 0.044
0 0.498 0.875 0.025 0.043
4 0.009 0.300 0.019 0.037
0 0.864 0.507 0.032 0.049
0 0.414 0.711 0.027 0.036
0 0.143 0.217 0.036 0.048
0 0.301 0.926 0.024 0.031
0 0.336 0.918 0.021 0.042
0 0.370 0.899 0.026 0.031
4 0.013 0.381 0.020 0.046
1 0.224 0.381 0.032 0.029
1 0.045 0.824 0.040 0.042
0 0.058 0.940 0.027 0.035
0 0.491 0.262 0.025 0.038
0 0.411 0.958 0.028 0.038
0 0.405 0.693 0.028 0.025
