0 0.056 0.936 0.032 0.040
4 0.070 0.042 0.026 0.044
4 0.981 0.625 0.035 0.045
4 0.980 0.020 0.029 0.040
4 0.954 0.020 0.032 0.040
1 0.171 0.838 0.027 0.035
1 0.084 0.379 0.028 0.033
0 0.166 0.112 0.031 0.033
0 0.187 0.111 0.030 0.035
4 0.987 0.562 0.020 0.034
0 0.140 0.232 0.033 0.044
0 0.378 0.896 0.034 0.041
4 0.973 0.683 0.025 0.037
0 0.413 0.905 0.029 0.040
1 0.233 0.854 0.025 0.042
1 0.903 0.584 0.032 0.048
0 0.409 0.960 0.034 0.041
0 0.416 0.715 0.032 0.044
0 0.643 0.874 0.028 0.043
0 0.669 0.878 0.025 0.035
