1 0.886 0.650 0.020 0.029
1 0.083 0.130 0.025 0.061
0 0.840 0.017 0.037 0.033
4 0.950 0.233 0.034 0.038
4 0.979 0.254 0.037 0.046
4 0.992 0.283 0.014 0.050
4 0.148 0.973 0.034 0.031
4 0.012 0.855 0.023 0.044
4 0.983 0.537 0.031 0.041
4 0.235 0.545 0.029 0.051
0 0.165 0.514 0.025 0.034
1 0.630 0.866 0.022 0.045
1 0.308 0.516 0.036 0.071
0 0.357 0.902 0.017 0.029
4 0.081 0.981 0.040 0.029
0 0.183 0.604 0.041 0.042
0 0.159 0.653 0.034 0.044
0 0.029 0.332 0.037 0.035
1 0.073 0.307 0.033 0.044
0 0.154 0.542 0.018 0.031
0 0.831 0.705 0.032 0.028
0 0.494 0.725 0.030 0.038
0 0.394 0.900 0.025 0.029
0 0.414 0.717 0.034 0.040
0 0.645 0.878 0.027 0.035
0 0.673 0.875 0.029 0.040
