4 0.086 0.049 0.031 0.064
4 0.041 0.027 0.047 0.053
1 0.809 0.675 0.047 0.037
4 0.057 0.027 0.034 0.053
4 0.091 0.101 0.034 0.049
4 0.971 0.637 0.055 0.066
4 0.099 0.113 0.046 0.064
1 0.912 0.260 0.037 0.054
0 0.298 0.864 0.020 0.038
1 0.092 0.892 0.041 0.079
1 0.709 0.718 0.068 0.045
0 0.873 0.341 0.037 0.054
0 0.731 0.258 0.024 0.046
0 0.129 0.895 0.047 0.033
4 0.978 0.687 0.034 0.054
0 0.340 0.903 0.025 0.029
4 0.974 0.560 0.035 0.058
0 0.413 0.960 0.035 0.038
0 0.416 0.714 0.032 0.046
0 0.643 0.877 0.024 0.033
0 0.671 0.876 0.029 0.038
