4 0.134 0.970 0.041 0.038
0 0.382 0.480 0.018 0.018
1 0.504 0.632 0.027 0.052
1 0.160 0.553 0.062 0.056
0 0.397 0.888 0.022 0.023
4 0.020 0.906 0.022 0.038
4 0.098 0.976 0.041 0.040
0 0.154 0.620 0.027 0.033
0 0.164 0.644 0.027 0.028
1 0.730 0.622 0.032 0.050
4 0.963 0.252 0.037 0.046
0 0.040 0.662 0.037 0.062
0 0.150 0.204 0.034 0.046
1 0.518 0.753 0.041 0.051
1 0.820 0.540 0.034 0.031
0 0.380 0.505 0.027 0.028
0 0.770 0.977 0.018 0.028
0 0.612 0.545 0.021 0.034
0 0.408 0.902 0.020 0.029
0 0.412 0.960 0.031 0.038
0 0.414 0.718 0.035 0.045
0 0.643 0.875 0.024 0.034
0 0.671 0.875 0.027 0.038
