0 0.821 0.317 0.030 0.061
4 0.101 0.094 0.042 0.052
1 0.095 0.494 0.035 0.046
4 0.968 0.576 0.044 0.056
1 0.503 0.754 0.034 0.071
4 0.163 0.960 0.046 0.058
0 0.345 0.904 0.021 0.041
1 0.261 0.357 0.036 0.061
0 0.822 0.341 0.027 0.046
0 0.259 0.475 0.029 0.041
4 0.984 0.653 0.029 0.048
4 0.947 0.558 0.053 0.059
4 0.970 0.603 0.049 0.054
1 0.321 0.802 0.041 0.054
4 0.137 0.972 0.027 0.048
0 0.844 0.705 0.039 0.044
1 0.960 0.575 0.044 0.054
4 0.062 0.039 0.036 0.067
4 0.146 0.964 0.029 0.050
4 0.968 0.573 0.044 0.066
4 0.047 0.977 0.037 0.041
4 0.112 0.963 0.036 0.061
4 0.975 0.531 0.038 0.067
0 0.403 0.891 0.027 0.031
4 0.149 0.958 0.048 0.059
0 0.607 0.549 0.032 0.044
0 0.157 0.684 0.051 0.064
4 0.749 0.960 0.023 0.058
0 0.440 0.887 0.039 0.046
0 0.413 0.955 0.027 0.048
0 0.415 0.718 0.037 0.041
0 0.644 0.877 0.022 0.033
0 0.673 0.876 0.025 0.041
