1 0.416 0.823 0.020 0.029
1 0.463 0.457 0.025 0.061
4 0.882 0.050 0.034 0.042
0 0.861 0.297 0.034 0.038
0 0.948 0.254 0.041 0.046
4 0.992 0.283 0.014 0.050
1 0.412 0.766 0.034 0.031
1 0.187 0.805 0.027 0.043
4 0.983 0.537 0.031 0.041
0 0.279 0.523 0.029 0.051
0 0.090 0.687 0.025 0.034
4 0.630 0.973 0.022 0.044
1 0.330 0.521 0.036 0.071
0 0.357 0.898 0.022 0.028
4 0.081 0.981 0.040 0.029
0 0.212 0.541 0.042 0.042
0 0.176 0.601 0.033 0.043
0 0.027 0.111 0.037 0.035
4 0.050 0.028 0.033 0.044
0 0.072 0.688 0.018 0.031
0 0.966 0.680 0.032 0.027
0 0.449 0.881 0.032 0.038
0 0.434 0.920 0.025 0.028
0 0.415 0.714 0.028 0.033
0 0.645 0.878 0.027 0.035
0 0.673 0.875 0.028 0.040
