4 0.142 0.972 0.037 0.033
0 0.287 0.468 0.020 0.021
1 0.607 0.694 0.028 0.052
1 0.231 0.534 0.062 0.057
0 0.432 0.898 0.022 0.023
4 0.020 0.906 0.022 0.038
4 0.088 0.979 0.041 0.033
0 0.181 0.604 0.026 0.033
0 0.175 0.625 0.027 0.027
4 0.976 0.559 0.034 0.051
4 0.963 0.252 0.037 0.046
0 0.041 0.520 0.037 0.062
0 0.051 0.291 0.033 0.046
4 0.967 0.602 0.044 0.054
1 0.483 0.467 0.034 0.031
0 0.280 0.505 0.028 0.028
0 0.765 0.841 0.018 0.029
0 0.584 0.591 0.021 0.033
0 0.412 0.903 0.020 0.029
0 0.412 0.960 0.031 0.038
0 0.414 0.718 0.037 0.045
0 0.644 0.875 0.025 0.036
0 0.672 0.875 0.028 0.038
