1 0.103 0.437 0.031 0.041
1 0.443 0.844 0.048 0.040
0 0.520 0.464 0.020 0.033
1 0.358 0.492 0.034 0.056
4 0.124 0.983 0.048 0.028
4 0.987 0.568 0.021 0.041
1 0.132 0.601 0.057 0.056
0 0.375 0.900 0.025 0.029
0 0.442 0.844 0.020 0.036
1 0.070 0.434 0.029 0.044
0 0.121 0.651 0.026 0.035
0 0.127 0.676 0.027 0.029
1 0.217 0.784 0.035 0.048
1 0.559 0.356 0.041 0.046
0 0.065 0.926 0.027 0.064
0 0.198 0.088 0.034 0.048
4 0.429 0.982 0.037 0.027
4 0.104 0.976 0.042 0.036
4 0.985 0.628 0.025 0.031
4 0.828 0.035 0.037 0.042
4 0.983 0.561 0.020 0.048
0 0.532 0.483 0.029 0.028
4 0.015 0.537 0.028 0.041
4 0.663 0.985 0.032 0.025
4 0.767 0.984 0.018 0.023
4 0.009 0.792 0.014 0.040
4 0.400 0.905 0.028 0.027
0 0.611 0.545 0.022 0.034
4 0.029 0.912 0.028 0.058
0 0.472 0.902 0.022 0.033
0 0.412 0.959 0.031 0.040
0 0.414 0.718 0.035 0.045
0 0.644 0.875 0.022 0.034
0 0.670 0.875 0.024 0.038
