0 0.923 0.407 0.015 0.048
0 0.415 0.627 0.025 0.033
0 0.449 0.517 0.017 0.029
0 0.598 0.573 0.028 0.046
4 0.755 0.981 0.043 0.033
0 0.211 0.259 0.045 0.044
0 0.498 0.874 0.023 0.043
4 0.009 0.302 0.019 0.038
0 0.871 0.498 0.032 0.048
0 0.414 0.711 0.027 0.036
0 0.140 0.217 0.036 0.048
0 0.301 0.926 0.024 0.031
0 0.336 0.916 0.021 0.042
0 0.371 0.899 0.026 0.031
4 0.013 0.381 0.020 0.046
1 0.202 0.372 0.032 0.029
1 0.027 0.831 0.038 0.042
0 0.052 0.946 0.027 0.036
0 0.494 0.260 0.025 0.038
0 0.411 0.958 0.028 0.038
0 0.405 0.693 0.028 0.025
