4 0.086 0.049 0.031 0.064
4 0.041 0.027 0.047 0.053
1 0.068 0.954 0.047 0.038
1 0.095 0.843 0.035 0.054
1 0.134 0.819 0.033 0.049
1 0.925 0.648 0.055 0.067
1 0.179 0.286 0.046 0.064
1 0.703 0.373 0.036 0.054
0 0.354 0.866 0.020 0.038
4 0.093 0.931 0.041 0.071
1 0.271 0.847 0.068 0.046
0 0.757 0.514 0.037 0.054
0 0.575 0.494 0.024 0.046
4 0.029 0.960 0.042 0.034
4 0.978 0.687 0.034 0.054
0 0.387 0.902 0.026 0.029
4 0.974 0.560 0.035 0.058
0 0.410 0.959 0.024 0.031
0 0.417 0.716 0.029 0.041
0 0.643 0.879 0.024 0.037
0 0.673 0.875 0.027 0.041
