0 0.848 0.293 0.031 0.062
4 0.101 0.094 0.042 0.052
1 0.078 0.275 0.030 0.046
1 0.878 0.597 0.043 0.057
1 0.321 0.780 0.036 0.073
4 0.159 0.966 0.046 0.056
0 0.342 0.898 0.021 0.041
1 0.132 0.203 0.033 0.060
0 0.858 0.312 0.028 0.045
0 0.318 0.463 0.033 0.040
4 0.984 0.653 0.029 0.048
4 0.966 0.558 0.053 0.059
4 0.973 0.602 0.049 0.054
1 0.144 0.910 0.041 0.054
4 0.137 0.972 0.027 0.046
0 0.907 0.688 0.049 0.052
1 0.777 0.626 0.045 0.054
4 0.062 0.039 0.036 0.067
4 0.146 0.964 0.029 0.050
4 0.968 0.573 0.044 0.066
4 0.047 0.977 0.037 0.041
4 0.112 0.966 0.036 0.056
4 0.975 0.531 0.038 0.067
0 0.399 0.888 0.027 0.031
4 0.146 0.961 0.048 0.056
0 0.607 0.549 0.032 0.044
0 0.200 0.653 0.041 0.064
4 0.749 0.962 0.023 0.054
0 0.440 0.892 0.039 0.046
0 0.412 0.956 0.025 0.046
0 0.416 0.718 0.035 0.041
0 0.644 0.877 0.022 0.033
0 0.673 0.876 0.025 0.041
