4 0.135 0.970 0.040 0.038
0 0.377 0.480 0.018 0.018
1 0.511 0.632 0.027 0.052
1 0.164 0.551 0.062 0.057
0 0.400 0.884 0.022 0.023
4 0.020 0.906 0.022 0.038
4 0.098 0.977 0.041 0.038
0 0.156 0.619 0.027 0.033
0 0.167 0.642 0.027 0.028
1 0.749 0.610 0.032 0.051
4 0.963 0.252 0.037 0.046
0 0.040 0.652 0.037 0.062
0 0.144 0.212 0.034 0.046
1 0.554 0.746 0.041 0.051
1 0.800 0.528 0.034 0.031
0 0.373 0.505 0.027 0.028
0 0.768 0.966 0.018 0.029
0 0.612 0.545 0.021 0.034
0 0.404 0.902 0.020 0.029
0 0.412 0.960 0.031 0.038
0 0.414 0.718 0.035 0.045
0 0.644 0.875 0.025 0.036
0 0.671 0.875 0.027 0.038
