4 0.965 0.222 0.053 0.062
4 0.101 0.094 0.042 0.052
4 0.059 0.021 0.041 0.041
1 0.216 0.775 0.044 0.056
4 0.069 0.967 0.036 0.060
1 0.370 0.828 0.046 0.060
0 0.317 0.914 0.020 0.041
4 0.101 0.056 0.037 0.058
4 0.976 0.252 0.028 0.046
0 0.519 0.409 0.037 0.040
4 0.984 0.653 0.029 0.048
1 0.300 0.779 0.053 0.058
1 0.333 0.799 0.047 0.054
4 0.091 0.972 0.042 0.051
4 0.137 0.977 0.027 0.038
4 0.961 0.688 0.047 0.052
1 0.108 0.837 0.044 0.054
4 0.062 0.039 0.036 0.067
1 0.115 0.527 0.030 0.050
1 0.434 0.481 0.043 0.066
4 0.047 0.977 0.037 0.041
4 0.112 0.972 0.036 0.044
1 0.801 0.514 0.036 0.067
0 0.378 0.853 0.026 0.031
4 0.141 0.972 0.048 0.044
0 0.616 0.546 0.026 0.043
0 0.395 0.541 0.040 0.066
0 0.794 0.733 0.025 0.058
0 0.462 0.885 0.039 0.046
0 0.410 0.958 0.021 0.033
0 0.416 0.718 0.031 0.041
0 0.643 0.879 0.024 0.037
0 0.673 0.875 0.025 0.041
