4 0.145 0.972 0.034 0.033
0 0.237 0.478 0.021 0.025
1 0.626 0.754 0.027 0.050
1 0.270 0.525 0.062 0.056
0 0.408 0.890 0.020 0.027
4 0.020 0.906 0.022 0.038
4 0.083 0.980 0.040 0.031
0 0.179 0.601 0.027 0.036
0 0.169 0.630 0.028 0.028
4 0.969 0.559 0.034 0.051
4 0.963 0.252 0.037 0.046
0 0.040 0.450 0.037 0.048
0 0.019 0.335 0.034 0.045
4 0.967 0.602 0.044 0.054
1 0.318 0.414 0.034 0.034
0 0.232 0.503 0.027 0.028
0 0.770 0.777 0.022 0.029
0 0.552 0.634 0.023 0.036
0 0.407 0.898 0.020 0.028
0 0.412 0.960 0.031 0.038
0 0.414 0.718 0.037 0.045
0 0.644 0.875 0.025 0.036
0 0.673 0.875 0.029 0.038
