4 0.086 0.049 0.031 0.064
4 0.041 0.027 0.047 0.053
1 0.369 0.816 0.047 0.037
1 0.085 0.529 0.035 0.054
1 0.116 0.524 0.033 0.048
4 0.971 0.637 0.055 0.066
4 0.099 0.113 0.046 0.064
1 0.790 0.333 0.037 0.054
0 0.346 0.858 0.020 0.038
4 0.095 0.949 0.041 0.062
1 0.446 0.821 0.068 0.046
0 0.838 0.487 0.038 0.054
0 0.649 0.406 0.024 0.045
0 0.079 0.958 0.047 0.033
4 0.978 0.687 0.034 0.054
0 0.328 0.900 0.027 0.029
4 0.974 0.560 0.035 0.058
0 0.412 0.960 0.029 0.034
0 0.416 0.715 0.031 0.044
0 0.643 0.878 0.024 0.035
0 0.672 0.875 0.028 0.040
