0 0.938 0.378 0.015 0.048
0 0.383 0.635 0.025 0.033
0 0.493 0.518 0.016 0.029
0 0.613 0.543 0.027 0.046
4 0.755 0.981 0.043 0.033
0 0.173 0.267 0.044 0.044
0 0.498 0.879 0.025 0.042
4 0.009 0.296 0.019 0.036
0 0.841 0.534 0.032 0.048
0 0.414 0.711 0.027 0.036
0 0.154 0.213 0.037 0.048
0 0.301 0.925 0.024 0.033
0 0.334 0.927 0.021 0.041
0 0.367 0.899 0.026 0.031
4 0.013 0.381 0.020 0.046
1 0.302 0.406 0.032 0.028
1 0.109 0.804 0.047 0.041
0 0.077 0.920 0.028 0.036
0 0.482 0.273 0.027 0.038
0 0.411 0.958 0.028 0.038
0 0.405 0.693 0.028 0.025
