1 0.099 0.385 0.027 0.042
1 0.492 0.846 0.048 0.040
0 0.529 0.465 0.020 0.035
1 0.353 0.483 0.038 0.062
4 0.124 0.983 0.048 0.028
4 0.987 0.568 0.021 0.041
1 0.132 0.605 0.053 0.057
0 0.383 0.899 0.027 0.038
0 0.487 0.842 0.021 0.036
1 0.064 0.387 0.026 0.046
0 0.114 0.658 0.026 0.038
0 0.122 0.684 0.027 0.031
1 0.187 0.782 0.039 0.048
1 0.522 0.364 0.047 0.046
0 0.069 0.941 0.025 0.059
0 0.189 0.092 0.034 0.048
4 0.429 0.982 0.037 0.027
4 0.104 0.976 0.042 0.036
4 0.985 0.627 0.025 0.033
4 0.828 0.033 0.037 0.041
4 0.983 0.561 0.020 0.048
0 0.539 0.485 0.031 0.033
4 0.015 0.537 0.028 0.041
4 0.663 0.985 0.032 0.025
4 0.766 0.984 0.020 0.023
4 0.009 0.792 0.014 0.040
4 0.400 0.905 0.028 0.027
0 0.611 0.545 0.022 0.034
4 0.029 0.912 0.028 0.058
0 0.477 0.902 0.027 0.037
0 0.412 0.959 0.031 0.040
0 0.414 0.718 0.035 0.045
0 0.644 0.875 0.022 0.034
0 0.670 0.875 0.024 0.038
