4 0.965 0.222 0.053 0.062
4 0.101 0.094 0.042 0.052
4 0.059 0.021 0.041 0.041
1 0.107 0.801 0.043 0.057
4 0.069 0.967 0.036 0.060
1 0.458 0.807 0.046 0.061
0 0.261 0.906 0.021 0.041
4 0.101 0.056 0.037 0.058
4 0.976 0.252 0.028 0.046
0 0.549 0.404 0.037 0.038
4 0.984 0.653 0.029 0.048
1 0.194 0.791 0.053 0.059
1 0.216 0.825 0.048 0.054
4 0.091 0.972 0.042 0.051
4 0.137 0.977 0.027 0.036
4 0.961 0.688 0.047 0.052
4 0.022 0.873 0.044 0.054
4 0.062 0.039 0.036 0.067
1 0.111 0.410 0.030 0.050
1 0.297 0.452 0.043 0.067
4 0.047 0.977 0.037 0.041
4 0.112 0.972 0.036 0.042
1 0.680 0.487 0.036 0.066
0 0.381 0.853 0.026 0.031
4 0.141 0.973 0.048 0.044
0 0.629 0.540 0.027 0.044
0 0.428 0.533 0.040 0.066
0 0.834 0.708 0.025 0.059
0 0.463 0.881 0.039 0.046
0 0.410 0.958 0.021 0.033
0 0.417 0.718 0.029 0.041
0 0.643 0.879 0.024 0.037
0 0.673 0.875 0.025 0.041
