1 0.598 0.793 0.020 0.029
1 0.257 0.403 0.025 0.061
4 0.882 0.050 0.034 0.042
0 0.924 0.241 0.034 0.038
4 0.979 0.254 0.037 0.046
4 0.992 0.283 0.014 0.050
1 0.244 0.832 0.033 0.031
1 0.020 0.853 0.024 0.044
4 0.983 0.537 0.031 0.041
0 0.238 0.545 0.029 0.051
0 0.118 0.619 0.025 0.033
4 0.630 0.975 0.022 0.041
1 0.323 0.523 0.036 0.071
0 0.315 0.906 0.019 0.028
4 0.081 0.981 0.040 0.029
0 0.193 0.570 0.041 0.041
0 0.161 0.653 0.034 0.044
0 0.026 0.192 0.037 0.035
4 0.050 0.023 0.033 0.043
0 0.107 0.642 0.018 0.031
0 0.922 0.690 0.032 0.028
0 0.450 0.850 0.032 0.038
0 0.400 0.902 0.025 0.029
0 0.414 0.715 0.029 0.035
0 0.645 0.878 0.027 0.035
0 0.673 0.875 0.029 0.040
