1 0.440 0.823 0.019 0.029
1 0.439 0.450 0.025 0.061
4 0.882 0.050 0.034 0.042
0 0.868 0.291 0.034 0.038
0 0.957 0.254 0.041 0.046
4 0.992 0.283 0.014 0.050
1 0.389 0.769 0.033 0.031
1 0.166 0.811 0.028 0.043
4 0.983 0.537 0.031 0.041
0 0.279 0.523 0.029 0.051
0 0.094 0.679 0.025 0.034
4 0.630 0.973 0.022 0.044
1 0.330 0.518 0.036 0.071
0 0.352 0.900 0.021 0.029
4 0.081 0.981 0.040 0.029
0 0.209 0.547 0.042 0.041
0 0.176 0.611 0.033 0.044
0 0.027 0.121 0.037 0.035
4 0.050 0.028 0.033 0.044
0 0.078 0.684 0.018 0.031
0 0.963 0.680 0.032 0.027
0 0.448 0.881 0.032 0.038
0 0.432 0.916 0.025 0.029
0 0.414 0.715 0.029 0.035
0 0.645 0.878 0.027 0.035
0 0.673 0.875 0.028 0.040
