0 0.963 0.347 0.021 0.046
0 0.341 0.632 0.029 0.049
0 0.535 0.516 0.018 0.025
0 0.632 0.494 0.027 0.046
4 0.755 0.981 0.043 0.033
0 0.137 0.278 0.032 0.044
0 0.499 0.884 0.023 0.036
4 0.009 0.291 0.019 0.038
0 0.808 0.568 0.027 0.046
0 0.414 0.711 0.027 0.036
0 0.177 0.204 0.032 0.051
0 0.299 0.924 0.024 0.031
0 0.331 0.933 0.024 0.037
0 0.379 0.901 0.027 0.035
4 0.013 0.381 0.020 0.046
1 0.425 0.449 0.032 0.029
1 0.217 0.786 0.035 0.044
0 0.105 0.885 0.032 0.042
0 0.469 0.286 0.031 0.035
0 0.411 0.958 0.028 0.038
0 0.405 0.693 0.028 0.025
4 0.866 0.031 0.039 0.062
4 0.007 0.781 0.013 0.038
4 0.987 0.685 0.024 0.054
4 0.068 0.973 0.040 0.048
4 0.979 0.638 0.031 0.048
