4 0.086 0.049 0.031 0.064
4 0.041 0.027 0.047 0.053
1 0.430 0.795 0.047 0.038
1 0.085 0.437 0.035 0.054
1 0.120 0.444 0.033 0.049
4 0.971 0.637 0.055 0.066
4 0.099 0.113 0.046 0.064
1 0.809 0.320 0.036 0.054
0 0.337 0.858 0.020 0.038
4 0.095 0.953 0.041 0.060
1 0.486 0.808 0.068 0.046
0 0.852 0.468 0.038 0.054
0 0.664 0.385 0.024 0.046
0 0.101 0.960 0.048 0.034
4 0.978 0.687 0.034 0.054
0 0.323 0.902 0.026 0.029
4 0.974 0.560 0.035 0.058
0 0.412 0.960 0.029 0.034
0 0.416 0.715 0.031 0.044
0 0.643 0.878 0.024 0.035
0 0.672 0.875 0.028 0.040
