1 0.104 0.821 0.043 0.040
0 0.462 0.470 0.020 0.031
1 0.411 0.578 0.028 0.052
1 0.131 0.576 0.062 0.056
0 0.364 0.892 0.022 0.023
0 0.125 0.934 0.020 0.035
1 0.091 0.771 0.041 0.041
0 0.150 0.625 0.027 0.034
0 0.152 0.657 0.027 0.027
1 0.457 0.760 0.032 0.050
1 0.890 0.262 0.036 0.046
0 0.043 0.801 0.037 0.062
0 0.215 0.104 0.034 0.046
1 0.146 0.861 0.041 0.052
4 0.985 0.630 0.024 0.031
0 0.461 0.499 0.028 0.027
4 0.768 0.985 0.018 0.021
0 0.612 0.545 0.021 0.034
0 0.451 0.885 0.020 0.029
0 0.412 0.960 0.031 0.038
0 0.414 0.718 0.035 0.045
0 0.643 0.875 0.024 0.034
0 0.671 0.875 0.025 0.038
