0 0.146 0.932 0.032 0.040
1 0.085 0.257 0.027 0.043
4 0.981 0.625 0.035 0.045
4 0.909 0.119 0.029 0.044
4 0.912 0.055 0.032 0.052
1 0.695 0.678 0.026 0.036
4 0.098 0.977 0.028 0.034
4 0.152 0.112 0.031 0.033
4 0.165 0.102 0.031 0.036
4 0.988 0.562 0.018 0.034
4 0.143 0.119 0.034 0.044
0 0.236 0.918 0.034 0.042
4 0.975 0.685 0.029 0.046
0 0.345 0.905 0.029 0.040
4 0.145 0.972 0.025 0.042
4 0.978 0.560 0.034 0.054
0 0.412 0.960 0.039 0.041
0 0.415 0.714 0.034 0.046
0 0.644 0.875 0.025 0.038
0 0.671 0.878 0.028 0.035
