1 0.907 0.650 0.020 0.029
4 0.080 0.105 0.025 0.061
0 0.837 0.016 0.037 0.031
4 0.950 0.233 0.034 0.038
4 0.979 0.254 0.037 0.046
4 0.992 0.283 0.014 0.050
4 0.148 0.973 0.034 0.031
4 0.012 0.855 0.023 0.044
4 0.983 0.537 0.031 0.041
4 0.235 0.545 0.029 0.051
0 0.171 0.510 0.025 0.033
1 0.630 0.856 0.022 0.046
1 0.307 0.516 0.036 0.071
0 0.362 0.900 0.017 0.029
4 0.081 0.981 0.040 0.029
0 0.183 0.604 0.041 0.042
0 0.159 0.653 0.034 0.044
0 0.029 0.342 0.037 0.036
1 0.086 0.330 0.034 0.044
0 0.162 0.539 0.018 0.028
0 0.823 0.709 0.032 0.027
0 0.498 0.716 0.030 0.038
0 0.397 0.900 0.025 0.029
0 0.413 0.718 0.035 0.041
0 0.645 0.878 0.027 0.035
0 0.673 0.875 0.029 0.040
