0 0.109 0.897 0.032 0.040
1 0.079 0.148 0.027 0.043
4 0.981 0.625 0.035 0.045
4 0.948 0.063 0.029 0.043
4 0.938 0.030 0.032 0.052
1 0.568 0.746 0.026 0.035
1 0.088 0.910 0.028 0.033
4 0.152 0.112 0.031 0.033
4 0.162 0.105 0.031 0.035
4 0.988 0.562 0.018 0.034
4 0.143 0.119 0.034 0.044
0 0.267 0.910 0.034 0.042
4 0.975 0.685 0.029 0.046
0 0.350 0.898 0.029 0.040
4 0.145 0.972 0.025 0.042
4 0.978 0.559 0.032 0.051
0 0.412 0.960 0.038 0.041
0 0.415 0.714 0.034 0.046
0 0.643 0.875 0.027 0.038
0 0.670 0.878 0.027 0.035
