4 0.086 0.049 0.031 0.064
4 0.041 0.027 0.047 0.053
4 0.038 0.977 0.044 0.040
1 0.102 0.931 0.035 0.054
1 0.136 0.924 0.033 0.048
1 0.794 0.689 0.055 0.066
1 0.284 0.374 0.046 0.065
1 0.664 0.389 0.037 0.054
0 0.353 0.881 0.020 0.038
4 0.093 0.922 0.041 0.074
1 0.210 0.872 0.068 0.046
0 0.725 0.522 0.038 0.052
0 0.539 0.508 0.024 0.046
4 0.040 0.962 0.045 0.033
0 0.953 0.683 0.032 0.053
0 0.413 0.902 0.027 0.029
4 0.974 0.560 0.035 0.058
0 0.409 0.959 0.022 0.031
0 0.417 0.716 0.029 0.041
0 0.643 0.879 0.024 0.037
0 0.673 0.875 0.027 0.041
