0 0.841 0.512 0.021 0.046
0 0.536 0.602 0.025 0.034
0 0.307 0.527 0.016 0.029
0 0.493 0.693 0.027 0.046
4 0.755 0.981 0.043 0.033
0 0.337 0.249 0.045 0.043
0 0.486 0.831 0.025 0.050
4 0.009 0.317 0.018 0.035
0 0.873 0.517 0.032 0.048
0 0.414 0.711 0.027 0.036
0 0.084 0.271 0.037 0.048
0 0.304 0.930 0.022 0.036
0 0.348 0.893 0.021 0.042
0 0.390 0.901 0.027 0.031
4 0.013 0.381 0.020 0.046
4 0.008 0.210 0.016 0.028
4 0.010 0.841 0.020 0.041
4 0.033 0.984 0.028 0.023
0 0.538 0.200 0.024 0.038
0 0.409 0.959 0.027 0.040
0 0.405 0.693 0.028 0.025
