4 0.086 0.049 0.031 0.064
4 0.041 0.027 0.047 0.053
4 0.980 0.633 0.038 0.038
4 0.057 0.027 0.034 0.053
4 0.091 0.101 0.034 0.049
4 0.971 0.637 0.055 0.066
4 0.099 0.113 0.046 0.064
4 0.980 0.256 0.037 0.054
0 0.256 0.920 0.020 0.038
1 0.078 0.578 0.040 0.076
1 0.962 0.622 0.053 0.046
0 0.880 0.205 0.037 0.054
0 0.814 0.150 0.023 0.046
4 0.982 0.555 0.029 0.036
4 0.098 0.977 0.028 0.034
4 0.152 0.112 0.031 0.033
4 0.172 0.101 0.031 0.036
4 0.988 0.562 0.018 0.034
4 0.143 0.119 0.034 0.044
0 0.163 0.827 0.046 0.034
4 0.977 0.686 0.032 0.052
0 0.334 0.904 0.025 0.031
4 0.145 0.972 0.025 0.042
4 0.974 0.559 0.035 0.056
0 0.414 0.960 0.042 0.041
0 0.415 0.714 0.034 0.046
0 0.644 0.875 0.025 0.034
0 0.671 0.878 0.028 0.035
