4 0.937 0.239 0.053 0.062
4 0.101 0.094 0.042 0.052
4 0.059 0.021 0.041 0.041
1 0.471 0.761 0.044 0.057
4 0.069 0.967 0.036 0.060
1 0.192 0.919 0.046 0.061
0 0.331 0.906 0.021 0.041
4 0.101 0.056 0.037 0.058
0 0.958 0.256 0.028 0.046
0 0.448 0.421 0.037 0.040
4 0.984 0.653 0.029 0.048
1 0.568 0.731 0.053 0.059
1 0.609 0.739 0.047 0.054
4 0.091 0.972 0.042 0.051
4 0.137 0.976 0.027 0.040
4 0.961 0.688 0.047 0.052
1 0.354 0.779 0.044 0.054
4 0.062 0.039 0.036 0.067
1 0.132 0.777 0.030 0.050
1 0.784 0.554 0.044 0.067
4 0.047 0.977 0.037 0.041
4 0.112 0.970 0.036 0.048
4 0.975 0.531 0.038 0.067
0 0.370 0.873 0.026 0.031
4 0.144 0.967 0.048 0.048
0 0.608 0.548 0.028 0.046
0 0.331 0.604 0.040 0.066
0 0.756 0.837 0.023 0.058
0 0.463 0.887 0.039 0.046
0 0.411 0.957 0.022 0.040
0 0.416 0.718 0.032 0.041
0 0.643 0.878 0.024 0.035
0 0.673 0.875 0.025 0.041
