4 0.137 0.972 0.040 0.035
0 0.359 0.480 0.018 0.018
1 0.536 0.636 0.028 0.051
1 0.179 0.545 0.062 0.056
0 0.404 0.895 0.022 0.023
4 0.020 0.906 0.022 0.038
4 0.095 0.977 0.041 0.038
0 0.166 0.612 0.027 0.033
0 0.175 0.636 0.026 0.028
1 0.811 0.585 0.032 0.051
4 0.963 0.252 0.037 0.046
0 0.040 0.620 0.037 0.062
0 0.125 0.227 0.033 0.046
1 0.651 0.707 0.042 0.051
1 0.733 0.494 0.034 0.031
0 0.353 0.505 0.028 0.028
0 0.767 0.937 0.018 0.028
0 0.612 0.545 0.021 0.034
0 0.394 0.906 0.020 0.028
0 0.412 0.960 0.031 0.038
0 0.414 0.718 0.037 0.045
0 0.644 0.875 0.025 0.036
0 0.671 0.875 0.027 0.038
