1 0.941 0.652 0.019 0.029
4 0.076 0.078 0.025 0.060
0 0.834 0.016 0.037 0.031
4 0.950 0.233 0.034 0.038
4 0.979 0.254 0.037 0.046
4 0.992 0.283 0.014 0.050
4 0.148 0.973 0.034 0.031
4 0.012 0.855 0.023 0.044
4 0.983 0.537 0.031 0.041
4 0.235 0.545 0.029 0.051
0 0.179 0.506 0.025 0.033
1 0.630 0.839 0.022 0.046
1 0.305 0.516 0.036 0.071
0 0.369 0.898 0.016 0.028
4 0.081 0.981 0.040 0.029
0 0.183 0.604 0.041 0.042
0 0.159 0.653 0.034 0.044
0 0.037 0.359 0.037 0.036
1 0.111 0.359 0.033 0.043
0 0.171 0.533 0.018 0.029
0 0.813 0.715 0.032 0.028
0 0.505 0.704 0.030 0.038
0 0.400 0.900 0.025 0.029
0 0.413 0.718 0.035 0.041
0 0.645 0.878 0.027 0.035
0 0.673 0.875 0.029 0.040
