1 0.498 0.816 0.019 0.029
1 0.372 0.440 0.025 0.061
4 0.882 0.050 0.034 0.042
0 0.887 0.277 0.034 0.037
0 0.974 0.252 0.041 0.046
4 0.992 0.283 0.014 0.050
1 0.330 0.779 0.034 0.031
1 0.112 0.828 0.027 0.043
4 0.983 0.537 0.031 0.041
0 0.268 0.527 0.029 0.050
0 0.105 0.656 0.025 0.034
4 0.630 0.975 0.022 0.041
1 0.337 0.521 0.037 0.071
0 0.338 0.902 0.020 0.029
4 0.081 0.981 0.040 0.029
0 0.203 0.560 0.041 0.041
0 0.169 0.625 0.034 0.043
0 0.027 0.148 0.037 0.036
4 0.050 0.026 0.033 0.044
0 0.091 0.672 0.018 0.031
0 0.950 0.682 0.032 0.028
0 0.448 0.881 0.032 0.038
0 0.419 0.910 0.025 0.029
0 0.414 0.715 0.029 0.035
0 0.645 0.878 0.027 0.035
0 0.673 0.875 0.028 0.040
