1 0.737 0.695 0.020 0.028
1 0.119 0.317 0.025 0.061
0 0.870 0.041 0.036 0.042
4 0.950 0.233 0.034 0.038
4 0.979 0.254 0.037 0.046
4 0.992 0.283 0.014 0.050
4 0.146 0.974 0.032 0.033
4 0.012 0.855 0.023 0.044
4 0.983 0.537 0.031 0.041
4 0.235 0.545 0.029 0.051
0 0.134 0.551 0.025 0.033
1 0.629 0.939 0.022 0.046
1 0.314 0.518 0.036 0.071
0 0.324 0.920 0.020 0.028
4 0.081 0.981 0.040 0.029
0 0.189 0.587 0.041 0.041
0 0.161 0.653 0.034 0.044
0 0.023 0.259 0.037 0.036
1 0.046 0.140 0.034 0.043
0 0.124 0.588 0.018 0.031
0 0.877 0.699 0.032 0.028
0 0.470 0.789 0.032 0.038
0 0.377 0.902 0.025 0.029
0 0.414 0.716 0.032 0.038
0 0.645 0.878 0.027 0.035
0 0.673 0.875 0.029 0.040
