0 0.917 0.252 0.048 0.062
4 0.101 0.094 0.042 0.052
4 0.059 0.021 0.041 0.041
1 0.584 0.738 0.043 0.057
1 0.073 0.952 0.036 0.067
4 0.153 0.971 0.046 0.050
0 0.346 0.898 0.021 0.041
4 0.101 0.056 0.037 0.058
0 0.934 0.260 0.027 0.046
0 0.413 0.432 0.038 0.040
4 0.984 0.653 0.029 0.048
1 0.679 0.664 0.053 0.058
1 0.715 0.681 0.048 0.054
4 0.091 0.972 0.042 0.051
4 0.137 0.975 0.027 0.041
4 0.961 0.688 0.047 0.052
1 0.465 0.764 0.045 0.054
4 0.062 0.039 0.036 0.067
1 0.141 0.877 0.031 0.050
1 0.934 0.568 0.043 0.067
4 0.047 0.977 0.037 0.041
4 0.112 0.968 0.036 0.051
4 0.975 0.531 0.038 0.067
0 0.375 0.873 0.026 0.031
4 0.145 0.966 0.048 0.050
0 0.607 0.548 0.029 0.046
0 0.299 0.616 0.040 0.067
0 0.753 0.881 0.023 0.058
0 0.455 0.895 0.039 0.046
0 0.412 0.957 0.024 0.040
0 0.416 0.718 0.034 0.041
0 0.644 0.878 0.022 0.035
0 0.673 0.876 0.025 0.041
