0 0.950 0.362 0.018 0.046
0 0.362 0.633 0.027 0.041
0 0.511 0.512 0.018 0.025
0 0.623 0.514 0.027 0.046
4 0.755 0.981 0.043 0.033
0 0.154 0.272 0.038 0.043
0 0.499 0.882 0.023 0.040
4 0.009 0.294 0.019 0.038
0 0.824 0.551 0.029 0.048
0 0.414 0.711 0.027 0.036
0 0.165 0.208 0.034 0.050
0 0.299 0.924 0.024 0.031
0 0.332 0.933 0.021 0.042
0 0.373 0.900 0.026 0.033
4 0.013 0.381 0.020 0.046
1 0.360 0.426 0.032 0.029
1 0.163 0.794 0.041 0.044
0 0.091 0.902 0.029 0.037
0 0.475 0.279 0.029 0.038
0 0.411 0.958 0.028 0.038
0 0.405 0.693 0.028 0.025
