1 0.327 0.836 0.027 0.027
1 0.569 0.496 0.025 0.061
4 0.882 0.050 0.034 0.042
0 0.830 0.322 0.034 0.038
0 0.902 0.259 0.042 0.048
4 0.992 0.283 0.014 0.050
1 0.508 0.748 0.033 0.031
1 0.268 0.786 0.028 0.044
4 0.983 0.537 0.031 0.041
0 0.282 0.523 0.029 0.051
0 0.072 0.714 0.025 0.033
4 0.630 0.973 0.022 0.044
1 0.334 0.523 0.037 0.071
0 0.369 0.895 0.022 0.029
1 0.080 0.963 0.040 0.035
0 0.223 0.521 0.042 0.041
0 0.187 0.572 0.033 0.044
0 0.029 0.066 0.037 0.037
4 0.050 0.030 0.033 0.043
0 0.053 0.713 0.018 0.031
4 0.968 0.681 0.034 0.029
0 0.449 0.886 0.032 0.040
0 0.448 0.929 0.025 0.028
0 0.414 0.714 0.027 0.033
0 0.645 0.878 0.027 0.035
0 0.673 0.875 0.028 0.040
