1 0.361 0.833 0.022 0.029
1 0.529 0.478 0.025 0.061
4 0.882 0.050 0.034 0.042
0 0.842 0.314 0.035 0.038
0 0.917 0.258 0.041 0.046
4 0.992 0.283 0.014 0.050
1 0.472 0.755 0.034 0.031
1 0.237 0.792 0.027 0.044
4 0.983 0.537 0.031 0.041
0 0.281 0.523 0.029 0.051
0 0.079 0.706 0.025 0.033
4 0.630 0.973 0.022 0.044
1 0.331 0.523 0.037 0.071
0 0.364 0.895 0.022 0.029
4 0.081 0.981 0.040 0.029
0 0.219 0.527 0.042 0.042
0 0.187 0.584 0.033 0.043
0 0.029 0.083 0.037 0.038
4 0.050 0.030 0.033 0.043
0 0.060 0.703 0.018 0.031
4 0.967 0.680 0.032 0.027
0 0.449 0.884 0.032 0.040
0 0.443 0.925 0.025 0.029
0 0.415 0.714 0.028 0.033
0 0.645 0.878 0.027 0.035
0 0.673 0.875 0.028 0.040
