1 0.280 0.852 0.020 0.028
1 0.622 0.515 0.025 0.060
4 0.882 0.050 0.034 0.042
0 0.813 0.335 0.034 0.038
0 0.873 0.263 0.041 0.048
4 0.992 0.283 0.014 0.050
1 0.555 0.740 0.033 0.031
1 0.307 0.778 0.027 0.044
4 0.983 0.537 0.031 0.041
0 0.282 0.523 0.029 0.051
0 0.062 0.724 0.025 0.033
4 0.630 0.972 0.022 0.044
1 0.337 0.523 0.037 0.071
0 0.377 0.898 0.022 0.028
1 0.077 0.896 0.040 0.041
0 0.234 0.514 0.041 0.041
0 0.197 0.559 0.033 0.044
0 0.029 0.042 0.037 0.040
4 0.050 0.032 0.033 0.043
0 0.042 0.723 0.018 0.031
4 0.968 0.681 0.035 0.029
0 0.449 0.886 0.032 0.040
0 0.452 0.929 0.025 0.028
0 0.414 0.714 0.027 0.033
0 0.645 0.878 0.027 0.035
0 0.673 0.875 0.028 0.040
