1 0.095 0.271 0.027 0.041
1 0.595 0.811 0.049 0.040
0 0.549 0.466 0.021 0.040
1 0.338 0.459 0.041 0.064
4 0.124 0.983 0.048 0.028
4 0.987 0.568 0.021 0.041
1 0.130 0.613 0.043 0.057
0 0.402 0.902 0.031 0.046
1 0.058 0.267 0.022 0.044
0 0.097 0.676 0.028 0.040
0 0.110 0.703 0.028 0.036
1 0.127 0.763 0.039 0.048
1 0.411 0.352 0.048 0.046
0 0.069 0.978 0.022 0.031
0 0.170 0.102 0.035 0.051
0 0.428 0.977 0.037 0.027
4 0.104 0.976 0.042 0.036
4 0.985 0.625 0.025 0.036
4 0.828 0.025 0.037 0.040
4 0.984 0.561 0.018 0.048
0 0.554 0.489 0.036 0.038
4 0.014 0.537 0.027 0.041
4 0.663 0.985 0.032 0.025
4 0.764 0.984 0.021 0.023
4 0.010 0.792 0.015 0.040
4 0.400 0.905 0.028 0.027
0 0.611 0.545 0.022 0.034
4 0.029 0.912 0.028 0.058
0 0.480 0.906 0.032 0.041
0 0.412 0.959 0.031 0.040
0 0.414 0.718 0.035 0.045
0 0.644 0.875 0.022 0.034
0 0.670 0.875 0.024 0.038
