1 0.830 0.656 0.020 0.028
1 0.090 0.194 0.025 0.060
0 0.854 0.024 0.037 0.041
4 0.950 0.233 0.034 0.038
4 0.979 0.254 0.037 0.046
4 0.992 0.283 0.014 0.050
4 0.148 0.973 0.034 0.031
4 0.012 0.855 0.023 0.044
4 0.983 0.537 0.031 0.041
4 0.235 0.545 0.029 0.051
0 0.152 0.525 0.025 0.033
1 0.632 0.893 0.022 0.046
1 0.311 0.516 0.036 0.071
0 0.345 0.908 0.018 0.029
4 0.081 0.981 0.040 0.029
0 0.186 0.600 0.041 0.041
0 0.161 0.653 0.034 0.044
0 0.027 0.305 0.037 0.036
1 0.054 0.250 0.033 0.043
0 0.140 0.557 0.018 0.031
0 0.849 0.696 0.032 0.027
0 0.485 0.743 0.031 0.038
0 0.387 0.902 0.025 0.029
0 0.414 0.717 0.034 0.040
0 0.645 0.878 0.027 0.035
0 0.673 0.875 0.029 0.040
