4 0.049 0.977 0.029 0.038
4 0.070 0.042 0.026 0.044
4 0.981 0.625 0.035 0.045
4 0.980 0.020 0.029 0.040
4 0.954 0.020 0.032 0.040
4 0.100 0.985 0.027 0.025
4 0.069 0.027 0.027 0.033
0 0.248 0.137 0.030 0.033
0 0.252 0.113 0.030 0.035
4 0.987 0.562 0.020 0.034
0 0.152 0.342 0.034 0.043
0 0.419 0.899 0.035 0.041
0 0.927 0.684 0.023 0.035
0 0.397 0.913 0.029 0.040
1 0.461 0.816 0.025 0.042
1 0.613 0.722 0.032 0.048
0 0.408 0.960 0.031 0.041
0 0.416 0.715 0.032 0.044
0 0.643 0.873 0.028 0.048
0 0.669 0.878 0.025 0.035
