0 0.054 0.949 0.032 0.040
4 0.070 0.042 0.026 0.044
4 0.981 0.625 0.035 0.045
4 0.980 0.020 0.029 0.040
4 0.954 0.020 0.032 0.040
1 0.130 0.905 0.026 0.036
1 0.077 0.275 0.028 0.033
0 0.190 0.114 0.030 0.033
0 0.208 0.101 0.031 0.036
4 0.987 0.562 0.020 0.034
0 0.142 0.261 0.033 0.044
0 0.392 0.896 0.034 0.041
4 0.973 0.683 0.025 0.037
0 0.413 0.905 0.029 0.040
1 0.293 0.831 0.025 0.042
1 0.821 0.618 0.032 0.048
0 0.409 0.960 0.032 0.041
0 0.416 0.715 0.032 0.044
0 0.643 0.874 0.028 0.043
0 0.669 0.878 0.025 0.035
