1 0.088 0.102 0.027 0.041
1 0.736 0.721 0.047 0.040
0 0.574 0.456 0.022 0.042
1 0.313 0.426 0.040 0.064
4 0.124 0.983 0.048 0.028
4 0.987 0.568 0.021 0.041
1 0.122 0.636 0.036 0.057
0 0.421 0.912 0.031 0.046
1 0.052 0.107 0.022 0.044
0 0.081 0.701 0.028 0.040
0 0.096 0.726 0.028 0.036
1 0.072 0.690 0.039 0.048
1 0.264 0.362 0.047 0.046
4 0.068 0.984 0.022 0.027
4 0.147 0.102 0.035 0.051
0 0.417 0.946 0.038 0.027
4 0.105 0.973 0.041 0.035
4 0.985 0.623 0.025 0.038
0 0.828 0.017 0.037 0.035
4 0.985 0.561 0.018 0.048
0 0.586 0.485 0.037 0.038
4 0.014 0.537 0.027 0.041
4 0.663 0.984 0.032 0.027
4 0.761 0.983 0.021 0.025
4 0.010 0.792 0.015 0.040
4 0.400 0.905 0.028 0.027
0 0.610 0.546 0.024 0.036
4 0.029 0.912 0.028 0.058
0 0.463 0.912 0.032 0.041
0 0.412 0.958 0.031 0.041
0 0.414 0.718 0.035 0.045
0 0.644 0.875 0.022 0.034
0 0.670 0.875 0.024 0.038
