0 0.914 0.423 0.017 0.046
0 0.429 0.622 0.025 0.033
0 0.432 0.517 0.016 0.029
0 0.586 0.587 0.028 0.046
4 0.755 0.981 0.043 0.033
0 0.226 0.249 0.045 0.043
0 0.498 0.871 0.023 0.044
4 0.009 0.304 0.019 0.038
0 0.881 0.493 0.032 0.048
0 0.414 0.711 0.027 0.036
0 0.133 0.226 0.036 0.049
0 0.301 0.926 0.022 0.033
0 0.338 0.912 0.021 0.041
0 0.373 0.899 0.026 0.031
4 0.013 0.381 0.020 0.046
1 0.162 0.358 0.032 0.028
4 0.010 0.841 0.020 0.041
0 0.044 0.960 0.028 0.034
0 0.500 0.254 0.023 0.037
0 0.410 0.958 0.027 0.038
0 0.405 0.693 0.028 0.025
