0 0.092 0.865 0.032 0.040
4 0.074 0.072 0.026 0.044
4 0.981 0.625 0.035 0.045
4 0.966 0.034 0.029 0.044
4 0.954 0.020 0.032 0.040
1 0.475 0.755 0.027 0.035
1 0.081 0.801 0.028 0.033
4 0.152 0.112 0.031 0.033
4 0.161 0.105 0.031 0.035
4 0.988 0.562 0.018 0.034
4 0.143 0.119 0.034 0.044
0 0.292 0.899 0.035 0.041
4 0.975 0.684 0.028 0.044
0 0.366 0.892 0.029 0.040
4 0.145 0.972 0.025 0.042
4 0.979 0.560 0.034 0.050
0 0.411 0.960 0.037 0.041
0 0.415 0.714 0.034 0.046
0 0.643 0.874 0.027 0.040
0 0.670 0.878 0.027 0.035
