1 0.179 0.923 0.019 0.029
1 0.757 0.563 0.025 0.061
4 0.882 0.050 0.034 0.042
0 0.777 0.369 0.039 0.040
0 0.834 0.299 0.042 0.048
4 0.991 0.283 0.015 0.050
1 0.686 0.688 0.033 0.031
1 0.422 0.767 0.028 0.044
0 0.975 0.541 0.031 0.042
0 0.306 0.518 0.029 0.050
0 0.041 0.756 0.025 0.033
4 0.630 0.972 0.022 0.044
1 0.354 0.514 0.037 0.067
0 0.402 0.900 0.022 0.029
1 0.068 0.725 0.040 0.041
0 0.265 0.500 0.041 0.041
0 0.221 0.530 0.034 0.043
4 0.029 0.022 0.035 0.043
4 0.050 0.034 0.033 0.044
0 0.025 0.748 0.018 0.031
4 0.970 0.684 0.038 0.031
0 0.449 0.886 0.032 0.040
0 0.456 0.926 0.025 0.029
0 0.415 0.713 0.025 0.031
0 0.645 0.878 0.027 0.035
0 0.673 0.875 0.028 0.040
