1 0.098 0.368 0.027 0.041
1 0.507 0.841 0.048 0.040
0 0.532 0.465 0.021 0.035
1 0.351 0.480 0.039 0.064
4 0.124 0.983 0.048 0.028
4 0.987 0.568 0.021 0.041
1 0.131 0.605 0.051 0.057
0 0.386 0.898 0.027 0.040
1 0.061 0.370 0.026 0.046
0 0.112 0.660 0.027 0.037
0 0.120 0.686 0.026 0.031
1 0.177 0.776 0.039 0.048
1 0.505 0.362 0.047 0.046
0 0.071 0.947 0.025 0.054
0 0.186 0.095 0.034 0.048
4 0.429 0.982 0.037 0.027
4 0.104 0.976 0.042 0.036
4 0.985 0.627 0.025 0.033
4 0.828 0.032 0.037 0.040
4 0.983 0.561 0.020 0.048
0 0.541 0.486 0.032 0.031
4 0.015 0.537 0.028 0.041
4 0.663 0.985 0.032 0.025
4 0.766 0.984 0.020 0.023
4 0.009 0.792 0.014 0.040
4 0.400 0.905 0.028 0.027
0 0.611 0.545 0.022 0.034
4 0.029 0.912 0.028 0.058
0 0.478 0.902 0.029 0.037
0 0.412 0.959 0.031 0.040
0 0.414 0.718 0.035 0.045
0 0.644 0.875 0.022 0.034
0 0.670 0.875 0.024 0.038
