4 0.085 0.077 0.027 0.041
4 0.989 0.656 0.020 0.038
0 0.633 0.431 0.022 0.041
1 0.202 0.317 0.040 0.064
4 0.124 0.983 0.048 0.028
4 0.987 0.568 0.021 0.041
1 0.064 0.740 0.036 0.056
0 0.397 0.903 0.031 0.046
4 0.051 0.011 0.022 0.022
0 0.012 0.782 0.022 0.040
0 0.018 0.811 0.028 0.036
1 0.079 0.230 0.039 0.048
1 0.065 0.810 0.047 0.046
4 0.068 0.984 0.022 0.027
4 0.147 0.102 0.035 0.051
4 0.403 0.942 0.038 0.028
4 0.105 0.969 0.039 0.040
4 0.985 0.613 0.025 0.044
4 0.892 0.056 0.037 0.033
1 0.973 0.556 0.020 0.046
0 0.661 0.452 0.037 0.038
0 0.034 0.523 0.025 0.041
1 0.663 0.906 0.032 0.028
0 0.754 0.974 0.025 0.029
4 0.012 0.792 0.020 0.040
4 0.398 0.907 0.028 0.027
0 0.610 0.547 0.028 0.038
0 0.069 0.864 0.027 0.059
0 0.425 0.912 0.032 0.041
0 0.413 0.957 0.029 0.044
0 0.415 0.718 0.037 0.045
0 0.644 0.875 0.022 0.034
0 0.671 0.875 0.024 0.040
