4 0.987 0.647 0.018 0.027
4 0.076 0.078 0.025 0.060
0 0.828 0.014 0.036 0.028
4 0.950 0.233 0.034 0.038
4 0.979 0.254 0.037 0.046
4 0.992 0.283 0.014 0.050
4 0.148 0.973 0.034 0.031
4 0.012 0.855 0.023 0.044
4 0.983 0.537 0.031 0.041
4 0.235 0.545 0.029 0.051
0 0.197 0.497 0.025 0.033
1 0.629 0.808 0.022 0.046
1 0.294 0.518 0.037 0.071
0 0.382 0.895 0.016 0.029
4 0.081 0.981 0.040 0.029
0 0.183 0.602 0.041 0.041
0 0.159 0.651 0.034 0.044
0 0.040 0.391 0.037 0.038
1 0.177 0.380 0.033 0.044
0 0.191 0.522 0.018 0.027
0 0.795 0.732 0.032 0.027
0 0.519 0.679 0.031 0.038
0 0.400 0.902 0.025 0.029
0 0.413 0.718 0.035 0.041
0 0.645 0.878 0.027 0.035
0 0.673 0.875 0.029 0.040
