1 0.487 0.818 0.020 0.029
1 0.388 0.444 0.025 0.060
4 0.882 0.050 0.034 0.042
0 0.882 0.279 0.034 0.038
0 0.971 0.252 0.041 0.046
4 0.992 0.283 0.014 0.050
1 0.341 0.778 0.034 0.031
1 0.123 0.825 0.027 0.044
4 0.983 0.537 0.031 0.041
0 0.271 0.527 0.029 0.050
0 0.103 0.660 0.025 0.033
4 0.630 0.975 0.022 0.041
1 0.336 0.518 0.037 0.071
0 0.341 0.900 0.021 0.029
4 0.081 0.981 0.040 0.029
0 0.204 0.558 0.041 0.042
0 0.171 0.621 0.034 0.044
0 0.027 0.142 0.037 0.035
4 0.050 0.026 0.033 0.044
0 0.088 0.674 0.018 0.031
0 0.953 0.682 0.032 0.028
0 0.448 0.881 0.032 0.038
0 0.422 0.910 0.025 0.029
0 0.414 0.715 0.029 0.035
0 0.645 0.878 0.027 0.035
0 0.673 0.875 0.028 0.040
