0 0.914 0.254 0.048 0.062
4 0.101 0.094 0.042 0.052
4 0.059 0.021 0.041 0.041
1 0.599 0.732 0.044 0.056
1 0.075 0.944 0.036 0.069
4 0.153 0.971 0.046 0.050
0 0.346 0.896 0.021 0.041
4 0.101 0.056 0.037 0.058
0 0.932 0.262 0.027 0.046
0 0.409 0.434 0.038 0.040
4 0.984 0.653 0.029 0.048
1 0.693 0.656 0.053 0.058
1 0.727 0.672 0.047 0.054
4 0.091 0.972 0.042 0.051
4 0.137 0.975 0.027 0.041
4 0.961 0.688 0.047 0.052
1 0.479 0.762 0.044 0.054
4 0.062 0.039 0.036 0.067
1 0.141 0.891 0.031 0.051
1 0.953 0.570 0.043 0.067
4 0.047 0.977 0.037 0.041
4 0.112 0.968 0.036 0.051
4 0.975 0.531 0.038 0.067
0 0.375 0.873 0.026 0.031
4 0.145 0.966 0.048 0.050
0 0.607 0.548 0.029 0.046
0 0.295 0.618 0.040 0.067
0 0.753 0.887 0.023 0.059
0 0.453 0.895 0.039 0.046
0 0.412 0.957 0.024 0.040
0 0.416 0.718 0.034 0.041
0 0.644 0.878 0.022 0.035
0 0.673 0.876 0.025 0.041
