4 0.086 0.049 0.031 0.064
4 0.041 0.027 0.047 0.053
1 0.151 0.899 0.048 0.038
1 0.095 0.758 0.035 0.054
1 0.130 0.730 0.033 0.048
4 0.971 0.637 0.055 0.066
1 0.124 0.184 0.046 0.064
1 0.732 0.358 0.037 0.054
0 0.353 0.860 0.020 0.038
4 0.093 0.936 0.041 0.069
1 0.324 0.839 0.068 0.046
0 0.785 0.506 0.038 0.054
0 0.600 0.468 0.024 0.045
4 0.020 0.960 0.039 0.034
4 0.978 0.687 0.034 0.054
0 0.364 0.900 0.026 0.029
4 0.974 0.560 0.035 0.058
0 0.410 0.959 0.027 0.031
0 0.416 0.716 0.031 0.041
0 0.643 0.878 0.024 0.035
0 0.673 0.875 0.027 0.041
