4 0.049 0.977 0.029 0.038
4 0.070 0.042 0.026 0.044
4 0.981 0.625 0.035 0.045
4 0.980 0.020 0.029 0.040
4 0.954 0.020 0.032 0.040
4 0.100 0.985 0.027 0.025
4 0.064 0.014 0.027 0.028
0 0.280 0.142 0.031 0.033
0 0.296 0.130 0.031 0.035
4 0.987 0.562 0.020 0.034
0 0.151 0.403 0.034 0.044
0 0.424 0.910 0.034 0.042
0 0.893 0.686 0.024 0.036
4 0.399 0.913 0.029 0.040
1 0.565 0.797 0.025 0.041
1 0.489 0.743 0.032 0.048
0 0.407 0.960 0.029 0.041
0 0.416 0.715 0.032 0.044
0 0.643 0.873 0.028 0.048
0 0.669 0.878 0.025 0.035
