4 0.143 0.972 0.036 0.033
0 0.284 0.472 0.020 0.020
1 0.608 0.696 0.028 0.052
1 0.233 0.534 0.062 0.057
0 0.430 0.897 0.022 0.023
4 0.020 0.906 0.022 0.038
4 0.088 0.979 0.041 0.033
0 0.181 0.604 0.026 0.033
0 0.175 0.625 0.027 0.027
4 0.976 0.559 0.034 0.051
4 0.963 0.252 0.037 0.046
0 0.041 0.517 0.037 0.062
0 0.048 0.295 0.033 0.046
4 0.967 0.602 0.044 0.054
1 0.471 0.463 0.035 0.031
0 0.276 0.503 0.028 0.028
0 0.765 0.837 0.018 0.029
0 0.581 0.593 0.021 0.034
0 0.414 0.903 0.020 0.029
0 0.412 0.960 0.031 0.038
0 0.414 0.718 0.037 0.045
0 0.644 0.875 0.025 0.036
0 0.672 0.875 0.028 0.038
