4 0.085 0.077 0.027 0.041
4 0.989 0.656 0.020 0.038
0 0.776 0.355 0.034 0.040
1 0.108 0.144 0.040 0.064
1 0.096 0.710 0.048 0.041
1 0.692 0.681 0.020 0.041
4 0.015 0.819 0.030 0.056
0 0.368 0.902 0.030 0.046
4 0.051 0.011 0.022 0.022
4 0.008 0.788 0.016 0.040
4 0.007 0.828 0.015 0.036
4 0.072 0.020 0.039 0.040
4 0.005 0.861 0.011 0.044
4 0.068 0.984 0.022 0.027
4 0.147 0.102 0.035 0.051
4 0.403 0.942 0.038 0.028
1 0.072 0.341 0.039 0.040
1 0.518 0.748 0.024 0.041
4 0.892 0.056 0.037 0.033
1 0.455 0.370 0.025 0.046
0 0.783 0.381 0.037 0.038
0 0.202 0.481 0.025 0.042
1 0.916 0.658 0.032 0.029
0 0.784 0.743 0.025 0.031
1 0.034 0.836 0.024 0.040
0 0.402 0.898 0.028 0.027
0 0.607 0.550 0.032 0.042
0 0.130 0.701 0.027 0.056
0 0.428 0.904 0.032 0.041
0 0.413 0.955 0.029 0.048
0 0.415 0.718 0.037 0.045
0 0.644 0.875 0.022 0.034
0 0.672 0.876 0.025 0.041
