4 0.085 0.077 0.027 0.041
4 0.989 0.656 0.020 0.038
0 0.584 0.443 0.022 0.041
1 0.253 0.361 0.040 0.064
4 0.124 0.983 0.048 0.028
4 0.987 0.568 0.021 0.041
1 0.093 0.703 0.037 0.056
0 0.411 0.910 0.031 0.046
4 0.051 0.011 0.022 0.022
0 0.041 0.752 0.028 0.040
0 0.051 0.778 0.027 0.035
1 0.080 0.436 0.039 0.048
1 0.118 0.625 0.047 0.045
4 0.068 0.984 0.022 0.027
4 0.147 0.102 0.035 0.051
4 0.403 0.942 0.038 0.028
4 0.105 0.971 0.041 0.040
4 0.985 0.617 0.025 0.040
0 0.867 0.037 0.037 0.033
4 0.987 0.561 0.020 0.048
0 0.622 0.458 0.036 0.038
4 0.012 0.537 0.025 0.041
4 0.663 0.983 0.032 0.028
4 0.757 0.981 0.022 0.029
4 0.011 0.792 0.018 0.040
4 0.398 0.907 0.028 0.027
0 0.609 0.547 0.027 0.038
4 0.029 0.912 0.028 0.058
0 0.442 0.912 0.032 0.041
0 0.412 0.957 0.031 0.044
0 0.414 0.718 0.035 0.045
0 0.644 0.875 0.022 0.034
0 0.671 0.875 0.025 0.040
