1 0.092 0.199 0.027 0.042
1 0.655 0.773 0.048 0.040
0 0.559 0.460 0.022 0.041
1 0.328 0.447 0.040 0.064
4 0.124 0.983 0.048 0.028
4 0.987 0.568 0.021 0.041
1 0.128 0.617 0.037 0.056
0 0.414 0.908 0.031 0.046
1 0.057 0.205 0.022 0.044
0 0.091 0.686 0.028 0.040
0 0.104 0.711 0.028 0.036
1 0.098 0.744 0.039 0.048
1 0.351 0.349 0.048 0.046
4 0.068 0.984 0.022 0.027
0 0.147 0.102 0.035 0.051
0 0.424 0.967 0.037 0.027
4 0.104 0.975 0.042 0.038
4 0.985 0.624 0.025 0.036
4 0.828 0.023 0.037 0.038
4 0.985 0.561 0.020 0.048
0 0.566 0.489 0.036 0.038
4 0.014 0.537 0.027 0.041
4 0.663 0.985 0.032 0.025
4 0.763 0.983 0.020 0.025
4 0.010 0.792 0.015 0.040
4 0.400 0.905 0.028 0.027
0 0.610 0.545 0.024 0.034
4 0.029 0.912 0.028 0.058
0 0.474 0.908 0.032 0.041
0 0.412 0.959 0.031 0.040
0 0.414 0.718 0.035 0.045
0 0.644 0.875 0.022 0.034
0 0.670 0.875 0.024 0.038
