1 0.864 0.650 0.020 0.029
1 0.084 0.159 0.025 0.061
0 0.846 0.017 0.037 0.035
4 0.950 0.233 0.034 0.038
4 0.979 0.254 0.037 0.046
4 0.992 0.283 0.014 0.050
4 0.148 0.973 0.034 0.031
4 0.012 0.855 0.023 0.044
4 0.983 0.537 0.031 0.041
4 0.235 0.545 0.029 0.051
0 0.159 0.517 0.025 0.033
1 0.630 0.877 0.022 0.046
1 0.309 0.516 0.036 0.071
0 0.353 0.903 0.017 0.029
4 0.081 0.981 0.040 0.029
0 0.184 0.604 0.041 0.042
0 0.161 0.653 0.034 0.044
0 0.033 0.321 0.037 0.036
1 0.064 0.286 0.033 0.044
0 0.149 0.549 0.018 0.031
0 0.838 0.701 0.032 0.027
0 0.490 0.731 0.030 0.038
0 0.391 0.902 0.025 0.029
0 0.414 0.717 0.034 0.040
0 0.645 0.878 0.027 0.035
0 0.673 0.875 0.029 0.040
