4 0.086 0.049 0.031 0.064
4 0.041 0.027 0.047 0.053
1 0.162 0.891 0.048 0.038
1 0.093 0.743 0.035 0.054
1 0.129 0.717 0.033 0.048
4 0.971 0.637 0.055 0.066
1 0.117 0.165 0.046 0.064
1 0.734 0.356 0.036 0.054
0 0.351 0.860 0.020 0.038
4 0.093 0.937 0.041 0.067
1 0.331 0.837 0.068 0.046
0 0.788 0.504 0.038 0.054
0 0.603 0.466 0.024 0.046
4 0.019 0.960 0.039 0.034
4 0.978 0.687 0.034 0.054
0 0.362 0.900 0.027 0.029
4 0.974 0.560 0.035 0.058
0 0.410 0.959 0.027 0.031
0 0.416 0.716 0.031 0.041
0 0.643 0.878 0.024 0.035
0 0.673 0.875 0.027 0.041
