0 0.976 0.334 0.022 0.043
0 0.320 0.630 0.032 0.056
0 0.557 0.511 0.026 0.035
0 0.641 0.476 0.028 0.056
4 0.755 0.981 0.043 0.033
0 0.119 0.282 0.025 0.043
0 0.499 0.886 0.023 0.035
4 0.009 0.289 0.019 0.038
0 0.793 0.586 0.025 0.043
0 0.414 0.711 0.027 0.036
0 0.189 0.201 0.027 0.052
0 0.299 0.924 0.024 0.031
0 0.329 0.931 0.029 0.033
0 0.386 0.902 0.027 0.037
4 0.013 0.381 0.020 0.046
1 0.488 0.451 0.034 0.046
1 0.270 0.778 0.028 0.044
0 0.118 0.869 0.033 0.046
0 0.462 0.292 0.031 0.035
0 0.411 0.958 0.028 0.038
0 0.405 0.693 0.028 0.025
0 0.900 0.027 0.039 0.053
4 0.007 0.781 0.013 0.038
4 0.987 0.685 0.024 0.054
4 0.068 0.973 0.040 0.048
4 0.979 0.638 0.031 0.048
