1 0.104 0.505 0.043 0.040
0 0.515 0.463 0.018 0.031
1 0.365 0.509 0.027 0.052
1 0.134 0.597 0.062 0.057
0 0.366 0.900 0.022 0.023
0 0.388 0.855 0.021 0.035
1 0.071 0.498 0.040 0.041
0 0.131 0.642 0.026 0.033
0 0.135 0.665 0.026 0.027
1 0.256 0.787 0.032 0.051
1 0.612 0.346 0.036 0.046
0 0.062 0.908 0.036 0.062
0 0.209 0.083 0.034 0.046
4 0.104 0.977 0.042 0.036
4 0.985 0.630 0.024 0.031
0 0.522 0.482 0.028 0.027
4 0.768 0.985 0.018 0.021
0 0.612 0.545 0.021 0.034
0 0.463 0.902 0.020 0.029
0 0.412 0.960 0.031 0.038
0 0.414 0.718 0.035 0.045
0 0.643 0.875 0.024 0.034
0 0.670 0.875 0.024 0.038
