4 0.085 0.077 0.027 0.041
4 0.989 0.656 0.020 0.038
0 0.619 0.437 0.022 0.041
1 0.214 0.325 0.041 0.064
4 0.124 0.983 0.048 0.028
4 0.987 0.568 0.021 0.041
1 0.072 0.730 0.036 0.057
0 0.397 0.903 0.031 0.046
4 0.051 0.011 0.022 0.022
0 0.019 0.775 0.025 0.040
0 0.029 0.801 0.028 0.035
1 0.079 0.299 0.039 0.048
1 0.102 0.768 0.047 0.046
4 0.068 0.984 0.022 0.027
4 0.147 0.102 0.035 0.051
4 0.403 0.942 0.038 0.028
4 0.105 0.970 0.039 0.038
4 0.985 0.614 0.025 0.041
4 0.887 0.056 0.037 0.033
4 0.988 0.561 0.018 0.048
0 0.648 0.454 0.037 0.038
0 0.022 0.531 0.025 0.041
1 0.663 0.966 0.032 0.029
4 0.754 0.981 0.025 0.029
4 0.012 0.792 0.020 0.040
4 0.398 0.907 0.028 0.027
0 0.610 0.547 0.028 0.038
0 0.057 0.881 0.027 0.058
0 0.428 0.912 0.032 0.041
0 0.413 0.957 0.029 0.044
0 0.415 0.718 0.037 0.045
0 0.644 0.875 0.022 0.034
0 0.671 0.875 0.024 0.040
