1 0.155 0.968 0.020 0.028
1 0.812 0.580 0.025 0.061
4 0.882 0.050 0.034 0.042
0 0.767 0.383 0.041 0.041
0 0.814 0.302 0.041 0.048
4 0.990 0.283 0.017 0.050
1 0.733 0.663 0.034 0.031
1 0.469 0.763 0.028 0.044
0 0.956 0.539 0.031 0.041
0 0.316 0.520 0.029 0.050
0 0.034 0.768 0.025 0.033
4 0.630 0.971 0.022 0.046
1 0.362 0.510 0.036 0.062
0 0.414 0.903 0.022 0.029
1 0.063 0.666 0.040 0.042
0 0.273 0.495 0.042 0.042
0 0.221 0.538 0.034 0.043
4 0.029 0.022 0.035 0.043
4 0.050 0.036 0.033 0.044
0 0.020 0.756 0.018 0.031
4 0.971 0.685 0.039 0.033
0 0.450 0.884 0.032 0.040
0 0.456 0.929 0.025 0.028
0 0.416 0.712 0.024 0.029
0 0.645 0.878 0.027 0.035
0 0.673 0.875 0.028 0.040
