4 0.085 0.077 0.027 0.041
4 0.989 0.656 0.020 0.038
0 0.668 0.408 0.022 0.041
1 0.178 0.294 0.040 0.064
4 0.124 0.983 0.048 0.028
4 0.987 0.568 0.021 0.041
1 0.047 0.763 0.036 0.056
0 0.394 0.903 0.031 0.046
4 0.051 0.011 0.022 0.022
4 0.008 0.788 0.016 0.040
4 0.007 0.828 0.015 0.036
1 0.071 0.111 0.039 0.048
4 0.005 0.861 0.011 0.044
4 0.068 0.984 0.022 0.027
4 0.147 0.102 0.035 0.051
4 0.403 0.942 0.038 0.028
4 0.105 0.969 0.039 0.040
4 0.985 0.612 0.025 0.046
4 0.892 0.056 0.037 0.033
1 0.873 0.528 0.025 0.046
0 0.683 0.441 0.036 0.037
0 0.072 0.510 0.025 0.042
1 0.671 0.804 0.032 0.028
0 0.757 0.931 0.025 0.029
4 0.013 0.792 0.021 0.040
4 0.397 0.909 0.028 0.028
0 0.609 0.548 0.029 0.040
0 0.087 0.833 0.028 0.059
0 0.420 0.912 0.032 0.041
0 0.413 0.956 0.029 0.046
0 0.415 0.718 0.037 0.045
0 0.644 0.875 0.022 0.034
0 0.671 0.875 0.024 0.040
