4 0.154 0.974 0.020 0.029
1 0.912 0.586 0.025 0.060
4 0.882 0.050 0.034 0.042
0 0.731 0.406 0.040 0.041
0 0.779 0.311 0.042 0.048
0 0.975 0.312 0.022 0.051
1 0.819 0.621 0.033 0.031
1 0.544 0.745 0.028 0.046
0 0.921 0.545 0.031 0.038
0 0.331 0.522 0.027 0.043
0 0.023 0.787 0.025 0.033
4 0.630 0.971 0.022 0.046
1 0.376 0.502 0.036 0.059
0 0.429 0.923 0.022 0.029
1 0.057 0.569 0.037 0.040
0 0.289 0.489 0.042 0.041
0 0.234 0.540 0.033 0.044
4 0.029 0.023 0.035 0.043
4 0.050 0.038 0.033 0.043
0 0.010 0.771 0.018 0.031
4 0.971 0.686 0.041 0.036
0 0.452 0.882 0.032 0.040
0 0.456 0.929 0.025 0.028
0 0.416 0.712 0.024 0.029
0 0.645 0.878 0.027 0.035
0 0.673 0.875 0.028 0.040
