4 0.155 0.972 0.020 0.029
1 0.937 0.584 0.025 0.061
4 0.882 0.050 0.034 0.042
0 0.721 0.412 0.039 0.041
0 0.769 0.314 0.041 0.050
0 0.971 0.316 0.022 0.050
1 0.843 0.615 0.034 0.036
1 0.565 0.741 0.025 0.045
0 0.912 0.549 0.029 0.035
0 0.336 0.521 0.025 0.041
0 0.019 0.791 0.025 0.033
4 0.630 0.971 0.022 0.046
1 0.379 0.500 0.036 0.058
0 0.432 0.923 0.022 0.029
1 0.057 0.544 0.036 0.038
0 0.294 0.489 0.038 0.040
0 0.236 0.539 0.030 0.041
4 0.029 0.023 0.035 0.043
4 0.050 0.038 0.033 0.043
0 0.009 0.777 0.019 0.029
4 0.972 0.687 0.042 0.038
0 0.453 0.880 0.030 0.040
0 0.456 0.927 0.024 0.031
0 0.416 0.712 0.024 0.029
0 0.645 0.878 0.027 0.035
0 0.673 0.875 0.028 0.040
4 0.844 0.013 0.031 0.027
4 0.895 0.013 0.035 0.027
4 0.144 0.073 0.037 0.046
4 0.198 0.972 0.029 0.044
0 0.411 0.958 0.025 0.033
4 0.984 0.648 0.029 0.028
4 0.669 0.982 0.024 0.031
4 0.702 0.988 0.032 0.018
4 0.987 0.656 0.024 0.045
4 0.037 0.016 0.034 0.031
4 0.016 0.347 0.032 0.048
4 0.077 0.977 0.043 0.041
4 0.982 0.484 0.034 0.043
