4 0.085 0.077 0.027 0.041
4 0.989 0.656 0.020 0.038
0 0.637 0.427 0.022 0.041
1 0.199 0.315 0.040 0.064
4 0.124 0.983 0.048 0.028
4 0.987 0.568 0.021 0.041
1 0.062 0.744 0.036 0.056
0 0.397 0.903 0.031 0.046
4 0.051 0.011 0.022 0.022
0 0.011 0.784 0.022 0.040
0 0.016 0.815 0.028 0.035
1 0.080 0.215 0.039 0.048
1 0.057 0.821 0.047 0.046
4 0.068 0.984 0.022 0.027
4 0.147 0.102 0.035 0.051
4 0.403 0.942 0.038 0.028
4 0.105 0.969 0.039 0.040
4 0.985 0.613 0.025 0.044
4 0.892 0.056 0.037 0.033
1 0.961 0.552 0.022 0.048
0 0.664 0.450 0.037 0.038
0 0.039 0.523 0.025 0.041
1 0.662 0.892 0.032 0.029
0 0.754 0.968 0.025 0.028
4 0.012 0.792 0.020 0.040
4 0.397 0.909 0.028 0.028
0 0.609 0.547 0.029 0.038
0 0.072 0.862 0.027 0.059
0 0.425 0.912 0.032 0.041
0 0.413 0.957 0.029 0.044
0 0.415 0.718 0.037 0.045
0 0.644 0.875 0.022 0.034
0 0.671 0.875 0.024 0.040
