4 0.085 0.077 0.027 0.041
4 0.989 0.656 0.020 0.038
0 0.735 0.377 0.027 0.040
1 0.134 0.217 0.040 0.065
1 0.118 0.920 0.048 0.036
1 0.850 0.579 0.021 0.041
1 0.015 0.813 0.030 0.056
0 0.383 0.895 0.030 0.046
4 0.051 0.011 0.022 0.022
4 0.008 0.788 0.016 0.040
4 0.007 0.828 0.015 0.036
4 0.072 0.020 0.039 0.040
4 0.005 0.861 0.011 0.044
4 0.068 0.984 0.022 0.027
4 0.147 0.102 0.035 0.051
4 0.403 0.942 0.038 0.028
1 0.079 0.624 0.039 0.040
1 0.710 0.664 0.024 0.041
4 0.892 0.056 0.037 0.033
1 0.636 0.425 0.025 0.046
0 0.738 0.410 0.036 0.037
0 0.145 0.483 0.025 0.041
1 0.806 0.676 0.032 0.029
0 0.761 0.807 0.021 0.035
4 0.013 0.792 0.022 0.040
4 0.397 0.909 0.028 0.028
0 0.608 0.550 0.031 0.042
0 0.125 0.734 0.027 0.056
0 0.420 0.908 0.032 0.041
0 0.413 0.955 0.029 0.048
0 0.415 0.718 0.037 0.045
0 0.644 0.875 0.022 0.034
0 0.672 0.876 0.025 0.041
