4 0.965 0.222 0.053 0.062
4 0.101 0.094 0.042 0.052
4 0.059 0.021 0.041 0.041
1 0.043 0.821 0.040 0.056
4 0.069 0.967 0.036 0.060
1 0.519 0.802 0.046 0.061
0 0.192 0.914 0.020 0.041
4 0.101 0.056 0.037 0.058
4 0.976 0.252 0.028 0.046
0 0.570 0.399 0.037 0.038
4 0.984 0.653 0.029 0.048
1 0.139 0.804 0.053 0.058
1 0.137 0.845 0.047 0.054
4 0.091 0.972 0.042 0.051
4 0.137 0.977 0.027 0.036
4 0.961 0.688 0.047 0.052
4 0.022 0.873 0.044 0.054
4 0.062 0.039 0.036 0.067
1 0.107 0.335 0.031 0.051
1 0.208 0.418 0.043 0.066
4 0.047 0.977 0.037 0.041
4 0.112 0.974 0.036 0.040
1 0.604 0.466 0.037 0.067
0 0.373 0.868 0.026 0.031
4 0.139 0.975 0.048 0.041
0 0.645 0.534 0.028 0.044
0 0.449 0.529 0.040 0.067
0 0.855 0.702 0.025 0.058
0 0.468 0.883 0.039 0.046
0 0.409 0.959 0.020 0.031
0 0.417 0.718 0.029 0.041
0 0.643 0.879 0.024 0.037
0 0.673 0.875 0.025 0.041
