1 0.125 0.946 0.043 0.040
0 0.439 0.472 0.019 0.031
1 0.439 0.607 0.027 0.052
1 0.132 0.569 0.062 0.056
0 0.376 0.890 0.022 0.023
0 0.025 0.906 0.022 0.038
1 0.098 0.898 0.041 0.041
0 0.150 0.622 0.027 0.033
0 0.153 0.653 0.027 0.028
1 0.549 0.741 0.032 0.051
4 0.963 0.252 0.037 0.046
0 0.040 0.756 0.037 0.062
0 0.191 0.139 0.033 0.046
1 0.250 0.807 0.041 0.051
4 0.985 0.630 0.024 0.031
0 0.434 0.499 0.027 0.027
4 0.768 0.985 0.018 0.021
0 0.612 0.545 0.021 0.034
0 0.449 0.892 0.020 0.029
0 0.412 0.960 0.031 0.038
0 0.414 0.718 0.035 0.045
0 0.643 0.875 0.024 0.034
0 0.671 0.875 0.025 0.038
