0 0.909 0.431 0.018 0.046
0 0.437 0.622 0.025 0.033
0 0.423 0.517 0.017 0.029
0 0.579 0.596 0.028 0.046
4 0.755 0.981 0.043 0.033
0 0.234 0.249 0.044 0.043
0 0.497 0.870 0.025 0.046
4 0.009 0.304 0.019 0.038
0 0.885 0.490 0.032 0.048
0 0.414 0.711 0.027 0.036
0 0.130 0.232 0.036 0.048
0 0.301 0.926 0.022 0.033
0 0.338 0.908 0.021 0.041
0 0.374 0.901 0.026 0.031
4 0.013 0.381 0.020 0.046
1 0.143 0.349 0.032 0.029
4 0.010 0.841 0.020 0.041
0 0.039 0.968 0.028 0.034
0 0.503 0.250 0.023 0.038
0 0.410 0.958 0.027 0.038
0 0.405 0.693 0.028 0.025
