1 0.509 0.814 0.019 0.029
1 0.358 0.436 0.025 0.060
4 0.882 0.050 0.034 0.042
0 0.891 0.273 0.034 0.038
0 0.976 0.252 0.039 0.046
4 0.992 0.283 0.014 0.050
1 0.318 0.782 0.033 0.031
1 0.101 0.832 0.028 0.044
4 0.983 0.537 0.031 0.041
0 0.265 0.528 0.029 0.050
0 0.107 0.652 0.025 0.033
4 0.630 0.975 0.022 0.041
1 0.338 0.521 0.037 0.071
0 0.336 0.902 0.020 0.029
4 0.081 0.981 0.040 0.029
0 0.201 0.560 0.041 0.041
0 0.168 0.628 0.034 0.044
0 0.027 0.153 0.037 0.035
4 0.050 0.026 0.033 0.044
0 0.093 0.667 0.018 0.031
0 0.946 0.684 0.032 0.028
0 0.448 0.879 0.032 0.037
0 0.416 0.908 0.025 0.029
0 0.414 0.715 0.029 0.035
0 0.645 0.878 0.027 0.035
0 0.673 0.875 0.028 0.040
