0 0.868 0.481 0.020 0.046
0 0.501 0.606 0.025 0.033
0 0.350 0.525 0.017 0.029
0 0.523 0.662 0.028 0.046
4 0.755 0.981 0.043 0.033
0 0.300 0.249 0.044 0.043
0 0.495 0.860 0.025 0.051
4 0.009 0.312 0.019 0.038
0 0.892 0.503 0.032 0.048
0 0.414 0.711 0.027 0.036
0 0.103 0.259 0.037 0.048
0 0.302 0.929 0.022 0.034
0 0.343 0.898 0.021 0.041
0 0.382 0.901 0.026 0.031
4 0.013 0.381 0.020 0.046
1 0.018 0.254 0.029 0.029
4 0.010 0.841 0.020 0.041
4 0.033 0.984 0.028 0.023
0 0.528 0.220 0.024 0.038
0 0.410 0.958 0.027 0.038
0 0.405 0.693 0.028 0.025
