4 0.151 0.977 0.020 0.028
1 0.870 0.597 0.025 0.061
4 0.882 0.050 0.034 0.042
0 0.746 0.396 0.040 0.041
0 0.794 0.307 0.041 0.048
0 0.982 0.304 0.021 0.051
1 0.782 0.641 0.034 0.031
1 0.513 0.755 0.026 0.044
0 0.936 0.543 0.030 0.042
0 0.325 0.525 0.029 0.050
0 0.027 0.778 0.025 0.033
4 0.630 0.971 0.022 0.046
1 0.369 0.506 0.036 0.062
0 0.423 0.914 0.022 0.028
1 0.059 0.611 0.039 0.040
0 0.282 0.491 0.042 0.041
0 0.226 0.540 0.034 0.044
4 0.029 0.023 0.035 0.043
4 0.050 0.036 0.033 0.044
0 0.014 0.766 0.018 0.031
4 0.971 0.686 0.041 0.036
0 0.450 0.884 0.032 0.040
0 0.456 0.929 0.025 0.028
0 0.416 0.712 0.024 0.029
0 0.645 0.878 0.027 0.035
0 0.673 0.875 0.028 0.040
