0 0.973 0.336 0.022 0.043
0 0.324 0.631 0.032 0.054
0 0.554 0.514 0.019 0.025
0 0.641 0.483 0.028 0.046
4 0.755 0.981 0.043 0.033
0 0.123 0.282 0.026 0.043
0 0.499 0.886 0.023 0.035
4 0.009 0.289 0.019 0.038
0 0.796 0.582 0.025 0.044
0 0.414 0.711 0.027 0.036
0 0.186 0.201 0.029 0.052
0 0.299 0.924 0.024 0.031
0 0.330 0.931 0.028 0.033
0 0.384 0.902 0.027 0.037
4 0.013 0.381 0.020 0.046
1 0.480 0.454 0.032 0.029
1 0.260 0.780 0.029 0.043
0 0.115 0.871 0.033 0.044
0 0.463 0.290 0.031 0.036
0 0.411 0.958 0.028 0.038
0 0.405 0.693 0.028 0.025
4 0.893 0.028 0.039 0.056
4 0.007 0.781 0.013 0.038
4 0.987 0.685 0.024 0.054
4 0.068 0.973 0.040 0.048
4 0.979 0.638 0.031 0.048
