4 0.085 0.077 0.027 0.041
4 0.989 0.656 0.020 0.038
0 0.797 0.338 0.032 0.048
1 0.104 0.112 0.042 0.059
1 0.094 0.602 0.042 0.041
4 0.968 0.576 0.044 0.056
1 0.599 0.727 0.027 0.052
4 0.164 0.959 0.046 0.061
4 0.015 0.819 0.030 0.056
0 0.356 0.904 0.021 0.041
4 0.051 0.011 0.022 0.022
4 0.008 0.788 0.016 0.040
4 0.007 0.828 0.015 0.036
4 0.072 0.020 0.039 0.040
4 0.005 0.861 0.011 0.044
4 0.068 0.984 0.022 0.027
4 0.147 0.102 0.035 0.051
4 0.403 0.942 0.038 0.028
1 0.069 0.180 0.039 0.040
1 0.417 0.758 0.024 0.041
4 0.892 0.056 0.037 0.033
1 0.360 0.364 0.029 0.050
0 0.804 0.363 0.027 0.044
0 0.230 0.481 0.027 0.042
4 0.979 0.653 0.037 0.048
4 0.937 0.558 0.053 0.059
4 0.968 0.603 0.049 0.054
1 0.420 0.774 0.040 0.054
4 0.137 0.972 0.027 0.048
0 0.812 0.717 0.030 0.036
4 0.973 0.575 0.045 0.054
1 0.068 0.187 0.036 0.067
4 0.146 0.964 0.029 0.050
4 0.968 0.573 0.044 0.066
1 0.044 0.920 0.037 0.054
4 0.112 0.962 0.036 0.062
4 0.975 0.531 0.038 0.067
0 0.401 0.893 0.028 0.029
4 0.149 0.957 0.048 0.061
0 0.607 0.549 0.032 0.044
0 0.134 0.704 0.044 0.067
4 0.749 0.960 0.023 0.058
0 0.434 0.898 0.034 0.041
0 0.413 0.955 0.027 0.048
0 0.415 0.718 0.037 0.041
0 0.644 0.877 0.022 0.033
0 0.673 0.876 0.025 0.041
