0 0.057 0.972 0.029 0.037
4 0.070 0.042 0.026 0.044
4 0.981 0.625 0.035 0.045
4 0.980 0.020 0.029 0.040
4 0.954 0.020 0.032 0.040
4 0.100 0.985 0.027 0.025
1 0.077 0.135 0.028 0.033
0 0.226 0.125 0.031 0.034
0 0.235 0.107 0.031 0.036
4 0.987 0.562 0.020 0.034
0 0.144 0.303 0.034 0.043
0 0.410 0.896 0.035 0.041
0 0.954 0.688 0.024 0.036
0 0.403 0.911 0.029 0.040
1 0.384 0.827 0.025 0.041
1 0.709 0.671 0.032 0.049
0 0.409 0.960 0.032 0.041
0 0.416 0.715 0.032 0.044
0 0.643 0.875 0.028 0.045
0 0.669 0.878 0.025 0.035
