0 0.931 0.390 0.015 0.049
0 0.397 0.631 0.025 0.033
0 0.473 0.517 0.017 0.029
0 0.607 0.556 0.028 0.046
4 0.755 0.981 0.043 0.033
0 0.190 0.263 0.044 0.044
0 0.498 0.876 0.025 0.041
4 0.009 0.299 0.019 0.035
0 0.855 0.517 0.032 0.048
0 0.414 0.711 0.027 0.036
0 0.147 0.215 0.037 0.048
0 0.301 0.926 0.024 0.031
0 0.335 0.922 0.021 0.041
0 0.368 0.899 0.026 0.031
4 0.013 0.381 0.020 0.046
1 0.257 0.392 0.032 0.029
1 0.073 0.816 0.043 0.042
0 0.066 0.932 0.027 0.035
0 0.487 0.266 0.025 0.038
0 0.411 0.958 0.028 0.038
0 0.405 0.693 0.028 0.025
