4 0.086 0.049 0.031 0.064
4 0.041 0.027 0.047 0.053
4 0.033 0.977 0.048 0.040
1 0.098 0.883 0.035 0.054
1 0.136 0.869 0.033 0.048
1 0.869 0.660 0.055 0.066
1 0.223 0.328 0.046 0.065
1 0.686 0.381 0.036 0.054
0 0.353 0.875 0.020 0.038
4 0.093 0.927 0.041 0.071
1 0.243 0.858 0.068 0.046
0 0.742 0.519 0.037 0.051
0 0.560 0.502 0.023 0.046
4 0.034 0.960 0.044 0.034
4 0.969 0.683 0.034 0.053
0 0.399 0.902 0.027 0.029
4 0.974 0.560 0.035 0.058
0 0.409 0.959 0.022 0.031
0 0.417 0.716 0.029 0.041
0 0.643 0.879 0.024 0.037
0 0.673 0.875 0.027 0.041
