4 0.965 0.222 0.053 0.062
4 0.101 0.094 0.042 0.052
4 0.059 0.021 0.041 0.041
4 0.019 0.832 0.039 0.057
4 0.069 0.967 0.036 0.060
1 0.599 0.801 0.046 0.061
0 0.103 0.925 0.021 0.042
4 0.101 0.056 0.037 0.058
4 0.976 0.252 0.028 0.046
0 0.593 0.396 0.038 0.038
4 0.984 0.653 0.029 0.048
1 0.056 0.823 0.051 0.059
1 0.061 0.879 0.047 0.054
4 0.091 0.972 0.042 0.051
4 0.137 0.979 0.027 0.033
4 0.961 0.688 0.047 0.052
4 0.022 0.873 0.044 0.054
4 0.062 0.039 0.036 0.067
1 0.098 0.244 0.031 0.050
1 0.127 0.337 0.043 0.067
4 0.047 0.977 0.037 0.041
4 0.112 0.975 0.036 0.038
1 0.518 0.441 0.036 0.066
0 0.363 0.880 0.026 0.031
4 0.139 0.976 0.048 0.040
0 0.666 0.528 0.028 0.044
0 0.474 0.523 0.041 0.067
0 0.882 0.693 0.025 0.058
0 0.461 0.889 0.039 0.046
0 0.409 0.959 0.020 0.031
0 0.417 0.718 0.029 0.041
0 0.643 0.879 0.024 0.037
0 0.673 0.875 0.025 0.041
