4 0.086 0.049 0.031 0.064
4 0.041 0.027 0.047 0.053
1 0.104 0.931 0.047 0.038
1 0.095 0.806 0.035 0.054
1 0.134 0.782 0.033 0.048
4 0.965 0.641 0.055 0.067
1 0.156 0.242 0.046 0.065
1 0.715 0.366 0.037 0.054
0 0.357 0.862 0.020 0.037
4 0.093 0.933 0.041 0.072
1 0.292 0.841 0.068 0.046
0 0.770 0.510 0.038 0.054
0 0.586 0.483 0.024 0.046
4 0.025 0.960 0.041 0.034
4 0.978 0.687 0.034 0.054
0 0.377 0.900 0.026 0.029
4 0.974 0.560 0.035 0.058
0 0.410 0.959 0.024 0.031
0 0.417 0.716 0.029 0.041
0 0.643 0.879 0.024 0.037
0 0.673 0.875 0.027 0.041
