4 0.984 0.531 0.027 0.045
0 0.578 0.847 0.030 0.037
4 0.419 0.939 0.021 0.033
0 0.581 0.185 0.031 0.041
0 0.287 0.935 0.014 0.029
0 0.308 0.966 0.019 0.029
0 0.427 0.916 0.027 0.033
0 0.616 0.291 0.036 0.046
1 0.603 0.754 0.042 0.037
1 0.705 0.691 0.041 0.046
0 0.796 0.728 0.014 0.025
0 0.780 0.722 0.020 0.026
0 0.768 0.697 0.017 0.025
0 0.770 0.680 0.035 0.040
1 0.740 0.651 0.041 0.048
0 0.297 0.942 0.014 0.028
4 0.978 0.561 0.035 0.043
4 0.339 0.180 0.029 0.056
0 0.743 0.517 0.036 0.046
0 0.773 0.714 0.020 0.029
4 0.044 0.080 0.039 0.077
