4 0.133 0.970 0.041 0.038
0 0.393 0.480 0.018 0.018
1 0.488 0.625 0.027 0.052
1 0.151 0.557 0.062 0.056
0 0.393 0.892 0.022 0.023
4 0.020 0.906 0.022 0.038
4 0.099 0.976 0.041 0.040
0 0.152 0.622 0.027 0.033
0 0.154 0.655 0.027 0.027
1 0.691 0.653 0.032 0.050
4 0.963 0.252 0.037 0.046
0 0.040 0.685 0.037 0.062
0 0.162 0.187 0.034 0.045
1 0.451 0.765 0.041 0.052
1 0.863 0.575 0.034 0.031
0 0.389 0.503 0.027 0.028
4 0.768 0.985 0.018 0.021
0 0.612 0.545 0.021 0.034
0 0.421 0.895 0.020 0.029
0 0.412 0.960 0.031 0.038
0 0.414 0.718 0.035 0.045
0 0.643 0.875 0.024 0.034
0 0.671 0.875 0.027 0.038
