4 0.085 0.077 0.027 0.041
4 0.989 0.656 0.020 0.038
0 0.697 0.399 0.022 0.041
1 0.163 0.257 0.041 0.065
4 0.124 0.983 0.048 0.028
1 0.981 0.568 0.021 0.041
1 0.031 0.784 0.035 0.057
0 0.383 0.898 0.030 0.045
4 0.051 0.011 0.022 0.022
4 0.008 0.788 0.016 0.040
4 0.007 0.828 0.015 0.036
4 0.072 0.020 0.039 0.040
4 0.005 0.861 0.011 0.044
4 0.068 0.984 0.022 0.027
4 0.147 0.102 0.035 0.051
4 0.403 0.942 0.038 0.028
1 0.090 0.865 0.039 0.040
1 0.873 0.597 0.023 0.042
4 0.892 0.056 0.037 0.033
1 0.769 0.506 0.025 0.046
0 0.704 0.433 0.036 0.037
0 0.101 0.493 0.025 0.041
1 0.724 0.741 0.032 0.028
0 0.756 0.869 0.020 0.035
4 0.013 0.792 0.021 0.040
4 0.397 0.909 0.028 0.028
0 0.608 0.548 0.031 0.040
0 0.104 0.793 0.028 0.059
0 0.414 0.912 0.032 0.041
0 0.413 0.956 0.029 0.046
0 0.415 0.718 0.037 0.045
0 0.644 0.875 0.022 0.034
0 0.672 0.876 0.025 0.041
