0 0.054 0.972 0.030 0.035
4 0.070 0.042 0.026 0.044
4 0.981 0.625 0.035 0.045
4 0.980 0.020 0.029 0.040
4 0.954 0.020 0.032 0.040
4 0.103 0.977 0.027 0.034
1 0.075 0.179 0.027 0.034
0 0.219 0.119 0.031 0.033
0 0.228 0.101 0.031 0.036
4 0.987 0.562 0.020 0.034
0 0.142 0.288 0.033 0.043
0 0.404 0.896 0.035 0.041
0 0.963 0.686 0.024 0.036
0 0.406 0.911 0.029 0.040
1 0.360 0.827 0.025 0.041
1 0.746 0.651 0.032 0.048
0 0.409 0.960 0.032 0.041
0 0.416 0.715 0.032 0.044
0 0.643 0.875 0.028 0.045
0 0.669 0.878 0.025 0.035
