0 0.979 0.332 0.022 0.044
0 0.316 0.631 0.033 0.058
0 0.562 0.508 0.033 0.046
0 0.642 0.471 0.027 0.066
4 0.755 0.981 0.043 0.033
0 0.116 0.284 0.023 0.044
0 0.500 0.888 0.023 0.036
4 0.011 0.289 0.020 0.038
0 0.790 0.590 0.025 0.044
0 0.414 0.711 0.027 0.036
0 0.191 0.201 0.027 0.052
0 0.299 0.924 0.024 0.031
0 0.330 0.932 0.031 0.031
0 0.387 0.904 0.027 0.038
4 0.013 0.381 0.020 0.046
1 0.498 0.450 0.037 0.064
1 0.282 0.778 0.027 0.044
0 0.121 0.866 0.034 0.045
0 0.461 0.295 0.032 0.036
0 0.412 0.959 0.028 0.036
0 0.405 0.693 0.028 0.025
4 0.900 0.026 0.039 0.051
4 0.007 0.781 0.013 0.038
4 0.987 0.685 0.024 0.054
4 0.068 0.973 0.040 0.048
4 0.979 0.638 0.031 0.048
