1 0.657 0.758 0.020 0.028
1 0.183 0.384 0.025 0.061
4 0.882 0.050 0.034 0.042
0 0.936 0.239 0.034 0.038
4 0.979 0.254 0.037 0.046
4 0.992 0.283 0.014 0.050
1 0.189 0.880 0.033 0.031
4 0.012 0.855 0.023 0.044
4 0.983 0.537 0.031 0.041
4 0.235 0.545 0.029 0.051
0 0.125 0.593 0.025 0.034
1 0.630 0.974 0.022 0.046
1 0.316 0.521 0.036 0.071
0 0.311 0.910 0.019 0.029
4 0.081 0.981 0.040 0.029
0 0.189 0.577 0.041 0.041
0 0.161 0.657 0.034 0.043
0 0.026 0.223 0.037 0.035
1 0.050 0.038 0.033 0.043
0 0.114 0.621 0.018 0.031
0 0.902 0.696 0.032 0.027
0 0.457 0.829 0.032 0.038
0 0.388 0.900 0.025 0.029
0 0.414 0.716 0.031 0.038
0 0.645 0.878 0.027 0.035
0 0.673 0.875 0.029 0.040
