1 0.099 0.667 0.044 0.040
0 0.490 0.470 0.020 0.031
1 0.387 0.555 0.027 0.052
1 0.131 0.586 0.062 0.056
0 0.358 0.897 0.022 0.023
0 0.245 0.888 0.020 0.036
1 0.075 0.646 0.040 0.041
0 0.143 0.633 0.027 0.034
0 0.146 0.657 0.027 0.027
1 0.352 0.783 0.032 0.050
1 0.761 0.326 0.036 0.046
0 0.054 0.864 0.036 0.062
0 0.225 0.083 0.034 0.046
4 0.104 0.977 0.042 0.036
4 0.985 0.630 0.024 0.031
0 0.491 0.494 0.027 0.028
4 0.768 0.985 0.018 0.021
0 0.612 0.545 0.021 0.034
0 0.451 0.892 0.020 0.029
0 0.412 0.960 0.031 0.038
0 0.414 0.718 0.035 0.045
0 0.643 0.875 0.024 0.034
0 0.670 0.875 0.024 0.038
