4 0.086 0.061 0.032 0.065
1 0.047 0.091 0.047 0.069
4 0.040 0.977 0.042 0.041
1 0.105 0.960 0.035 0.054
1 0.136 0.957 0.033 0.048
1 0.751 0.710 0.055 0.067
1 0.331 0.386 0.043 0.064
1 0.651 0.389 0.037 0.054
0 0.354 0.885 0.020 0.038
4 0.093 0.920 0.041 0.074
1 0.192 0.898 0.062 0.051
0 0.713 0.523 0.037 0.051
0 0.527 0.511 0.027 0.048
4 0.043 0.962 0.046 0.033
0 0.940 0.683 0.030 0.053
0 0.423 0.901 0.028 0.031
4 0.974 0.560 0.035 0.058
0 0.409 0.959 0.021 0.031
0 0.417 0.716 0.029 0.041
0 0.643 0.879 0.024 0.037
0 0.673 0.875 0.027 0.041
