4 0.085 0.077 0.027 0.041
4 0.989 0.656 0.020 0.038
0 0.713 0.393 0.022 0.042
1 0.150 0.236 0.041 0.064
4 0.124 0.983 0.048 0.028
1 0.924 0.568 0.021 0.041
1 0.022 0.798 0.034 0.056
0 0.383 0.895 0.030 0.046
4 0.051 0.011 0.022 0.022
4 0.008 0.788 0.016 0.040
4 0.007 0.828 0.015 0.036
4 0.072 0.020 0.039 0.040
4 0.005 0.861 0.011 0.044
4 0.068 0.984 0.022 0.027
4 0.147 0.102 0.035 0.051
4 0.403 0.942 0.038 0.028
1 0.080 0.757 0.039 0.040
1 0.798 0.618 0.024 0.041
4 0.892 0.056 0.037 0.033
1 0.708 0.487 0.025 0.046
0 0.718 0.422 0.037 0.038
0 0.120 0.485 0.025 0.041
1 0.762 0.702 0.032 0.028
0 0.763 0.852 0.021 0.036
4 0.013 0.792 0.022 0.040
4 0.397 0.909 0.028 0.028
0 0.608 0.548 0.031 0.040
0 0.113 0.762 0.027 0.059
0 0.416 0.910 0.032 0.042
0 0.413 0.956 0.029 0.046
0 0.415 0.718 0.037 0.045
0 0.644 0.875 0.022 0.034
0 0.672 0.876 0.025 0.041
