0 0.927 0.396 0.015 0.048
0 0.404 0.629 0.025 0.033
0 0.463 0.517 0.017 0.029
0 0.603 0.562 0.028 0.045
4 0.755 0.981 0.043 0.033
0 0.198 0.261 0.044 0.044
0 0.498 0.875 0.025 0.043
4 0.009 0.300 0.019 0.037
0 0.861 0.511 0.032 0.048
0 0.414 0.711 0.027 0.036
0 0.144 0.215 0.037 0.048
0 0.301 0.926 0.024 0.031
0 0.335 0.920 0.021 0.041
0 0.370 0.899 0.026 0.031
4 0.013 0.381 0.020 0.046
1 0.235 0.383 0.032 0.028
1 0.054 0.823 0.041 0.042
0 0.061 0.938 0.027 0.036
0 0.490 0.264 0.025 0.038
0 0.411 0.958 0.028 0.038
0 0.405 0.693 0.028 0.025
