4 0.085 0.077 0.027 0.041
4 0.989 0.656 0.020 0.038
0 0.721 0.385 0.022 0.042
1 0.145 0.230 0.040 0.064
1 0.124 0.983 0.048 0.028
1 0.899 0.568 0.021 0.041
1 0.018 0.803 0.032 0.056
0 0.383 0.895 0.030 0.046
4 0.051 0.011 0.022 0.022
4 0.008 0.788 0.016 0.040
4 0.007 0.828 0.015 0.036
4 0.072 0.020 0.039 0.040
4 0.005 0.861 0.011 0.044
4 0.068 0.984 0.022 0.027
4 0.147 0.102 0.035 0.051
4 0.403 0.942 0.038 0.028
1 0.079 0.713 0.039 0.040
1 0.762 0.626 0.023 0.041
4 0.892 0.056 0.037 0.033
1 0.683 0.471 0.025 0.046
0 0.723 0.420 0.037 0.038
0 0.129 0.485 0.025 0.041
1 0.775 0.693 0.032 0.029
0 0.761 0.836 0.021 0.036
4 0.013 0.792 0.022 0.040
4 0.397 0.909 0.028 0.028
0 0.608 0.550 0.031 0.042
0 0.118 0.752 0.027 0.059
0 0.417 0.910 0.032 0.042
0 0.413 0.956 0.029 0.046
0 0.415 0.718 0.037 0.045
0 0.644 0.875 0.022 0.034
0 0.672 0.876 0.025 0.041
