1 0.532 0.808 0.020 0.029
1 0.333 0.427 0.025 0.061
4 0.882 0.050 0.034 0.042
0 0.899 0.264 0.035 0.038
4 0.978 0.254 0.038 0.046
4 0.992 0.283 0.014 0.050
1 0.297 0.792 0.033 0.031
1 0.079 0.838 0.028 0.044
4 0.983 0.537 0.031 0.041
0 0.260 0.531 0.029 0.051
0 0.111 0.643 0.025 0.033
4 0.630 0.975 0.022 0.041
1 0.341 0.521 0.037 0.071
0 0.330 0.902 0.020 0.029
4 0.081 0.981 0.040 0.029
0 0.200 0.562 0.041 0.041
0 0.168 0.632 0.034 0.043
0 0.026 0.163 0.037 0.036
4 0.050 0.026 0.033 0.044
0 0.098 0.663 0.018 0.031
0 0.941 0.686 0.032 0.027
0 0.448 0.875 0.032 0.038
0 0.411 0.903 0.025 0.029
0 0.414 0.715 0.029 0.035
0 0.645 0.878 0.027 0.035
0 0.673 0.875 0.029 0.040
