0 0.195 0.938 0.032 0.040
1 0.084 0.378 0.027 0.044
4 0.981 0.625 0.035 0.045
0 0.892 0.144 0.029 0.044
4 0.874 0.094 0.032 0.052
1 0.825 0.598 0.026 0.035
4 0.098 0.977 0.028 0.034
4 0.152 0.112 0.031 0.033
4 0.168 0.102 0.031 0.036
4 0.988 0.562 0.018 0.034
4 0.143 0.119 0.034 0.044
0 0.206 0.883 0.035 0.041
4 0.976 0.685 0.031 0.050
0 0.341 0.905 0.029 0.040
4 0.145 0.972 0.025 0.042
4 0.975 0.559 0.035 0.056
0 0.413 0.960 0.041 0.041
0 0.415 0.714 0.034 0.046
0 0.644 0.875 0.025 0.034
0 0.671 0.878 0.028 0.035
