1 0.096 0.289 0.027 0.041
1 0.581 0.815 0.048 0.040
0 0.546 0.466 0.021 0.040
1 0.341 0.463 0.041 0.064
4 0.124 0.983 0.048 0.028
4 0.987 0.568 0.021 0.041
1 0.130 0.611 0.044 0.056
0 0.400 0.902 0.031 0.046
1 0.058 0.284 0.022 0.044
0 0.100 0.673 0.028 0.040
0 0.111 0.701 0.028 0.036
1 0.136 0.763 0.039 0.048
1 0.426 0.354 0.047 0.046
0 0.071 0.972 0.022 0.033
0 0.172 0.101 0.034 0.049
0 0.429 0.982 0.037 0.027
4 0.104 0.976 0.042 0.036
4 0.985 0.625 0.025 0.036
4 0.828 0.028 0.037 0.040
4 0.984 0.561 0.018 0.048
0 0.552 0.489 0.034 0.038
4 0.015 0.537 0.028 0.041
4 0.663 0.985 0.032 0.025
4 0.765 0.984 0.020 0.023
4 0.009 0.792 0.014 0.040
4 0.400 0.905 0.028 0.027
0 0.611 0.545 0.022 0.034
4 0.029 0.912 0.028 0.058
0 0.481 0.904 0.032 0.041
0 0.412 0.959 0.031 0.040
0 0.414 0.718 0.035 0.045
0 0.644 0.875 0.022 0.034
0 0.670 0.875 0.024 0.038
