4 0.144 0.972 0.037 0.033
0 0.258 0.475 0.019 0.021
1 0.620 0.727 0.027 0.052
1 0.256 0.530 0.062 0.056
0 0.419 0.889 0.021 0.025
4 0.020 0.906 0.022 0.038
4 0.085 0.979 0.041 0.033
0 0.180 0.602 0.027 0.036
0 0.169 0.625 0.028 0.027
4 0.972 0.559 0.034 0.051
4 0.963 0.252 0.037 0.046
0 0.040 0.475 0.037 0.054
0 0.029 0.318 0.034 0.046
4 0.967 0.602 0.044 0.054
1 0.378 0.430 0.034 0.031
0 0.250 0.500 0.027 0.027
0 0.764 0.798 0.018 0.029
0 0.563 0.619 0.020 0.033
0 0.409 0.898 0.020 0.028
0 0.412 0.960 0.031 0.038
0 0.414 0.718 0.037 0.045
0 0.644 0.875 0.025 0.036
0 0.673 0.875 0.029 0.038
