4 0.054 0.977 0.029 0.038
4 0.070 0.042 0.026 0.044
4 0.981 0.625 0.035 0.045
4 0.980 0.020 0.029 0.040
4 0.954 0.020 0.032 0.040
4 0.100 0.985 0.027 0.025
1 0.076 0.114 0.027 0.033
0 0.229 0.127 0.031 0.033
0 0.237 0.109 0.030 0.036
4 0.987 0.562 0.020 0.034
0 0.145 0.309 0.034 0.044
0 0.413 0.896 0.035 0.041
0 0.950 0.686 0.024 0.036
0 0.402 0.913 0.029 0.040
1 0.398 0.827 0.025 0.041
1 0.692 0.680 0.032 0.048
0 0.409 0.960 0.032 0.041
0 0.416 0.715 0.032 0.044
0 0.643 0.875 0.028 0.045
0 0.669 0.878 0.025 0.035
