1 0.104 0.470 0.039 0.041
1 0.410 0.844 0.049 0.040
0 0.515 0.464 0.020 0.033
1 0.361 0.499 0.029 0.052
4 0.124 0.983 0.048 0.028
4 0.987 0.568 0.021 0.041
1 0.133 0.599 0.061 0.056
0 0.370 0.899 0.023 0.025
0 0.413 0.847 0.021 0.035
1 0.071 0.466 0.036 0.041
0 0.127 0.645 0.026 0.033
0 0.131 0.671 0.026 0.027
1 0.237 0.785 0.033 0.050
1 0.585 0.349 0.038 0.046
0 0.064 0.917 0.033 0.064
0 0.203 0.085 0.034 0.045
4 0.429 0.982 0.037 0.027
4 0.104 0.976 0.042 0.036
4 0.985 0.628 0.025 0.031
4 0.828 0.037 0.037 0.041
4 0.983 0.561 0.020 0.048
0 0.527 0.482 0.028 0.027
4 0.015 0.537 0.028 0.041
4 0.663 0.985 0.032 0.025
4 0.767 0.984 0.018 0.023
4 0.009 0.792 0.014 0.040
4 0.400 0.905 0.028 0.027
0 0.611 0.545 0.022 0.034
4 0.029 0.912 0.028 0.058
0 0.468 0.901 0.021 0.031
0 0.412 0.959 0.031 0.040
0 0.414 0.718 0.035 0.045
0 0.644 0.875 0.022 0.034
0 0.670 0.875 0.024 0.038
