4 0.086 0.049 0.031 0.064
4 0.041 0.027 0.047 0.053
4 0.034 0.977 0.046 0.040
1 0.098 0.893 0.035 0.054
1 0.136 0.880 0.033 0.048
1 0.854 0.666 0.055 0.066
1 0.235 0.338 0.046 0.064
1 0.682 0.383 0.036 0.054
0 0.353 0.876 0.020 0.038
4 0.093 0.926 0.041 0.074
1 0.236 0.862 0.068 0.046
0 0.739 0.519 0.037 0.051
0 0.556 0.502 0.023 0.046
4 0.035 0.962 0.044 0.033
4 0.968 0.683 0.034 0.053
0 0.402 0.902 0.027 0.029
4 0.974 0.560 0.035 0.058
0 0.409 0.959 0.022 0.031
0 0.417 0.716 0.029 0.041
0 0.643 0.879 0.024 0.037
0 0.673 0.875 0.027 0.041
