4 0.085 0.077 0.027 0.041
4 0.989 0.656 0.020 0.038
0 0.614 0.439 0.022 0.041
1 0.223 0.332 0.041 0.064
4 0.124 0.983 0.048 0.028
4 0.987 0.568 0.021 0.041
1 0.076 0.726 0.036 0.056
0 0.400 0.903 0.031 0.046
4 0.051 0.011 0.022 0.022
0 0.022 0.773 0.027 0.040
0 0.034 0.795 0.028 0.036
1 0.080 0.325 0.039 0.048
1 0.115 0.747 0.047 0.046
4 0.068 0.984 0.022 0.027
4 0.147 0.102 0.035 0.051
4 0.403 0.942 0.038 0.028
4 0.105 0.970 0.039 0.038
4 0.985 0.615 0.025 0.043
0 0.880 0.051 0.037 0.033
4 0.988 0.561 0.018 0.048
0 0.643 0.454 0.036 0.038
0 0.015 0.535 0.025 0.042
4 0.663 0.983 0.032 0.028
4 0.755 0.981 0.023 0.029
4 0.011 0.792 0.018 0.040
4 0.398 0.907 0.028 0.027
0 0.610 0.547 0.028 0.038
0 0.050 0.887 0.027 0.059
0 0.431 0.912 0.032 0.041
0 0.413 0.957 0.029 0.044
0 0.415 0.718 0.037 0.045
0 0.644 0.875 0.022 0.034
0 0.671 0.875 0.024 0.040
