1 0.104 0.522 0.043 0.040
0 0.520 0.463 0.018 0.031
1 0.368 0.515 0.027 0.052
1 0.134 0.597 0.062 0.057
0 0.365 0.900 0.022 0.023
0 0.373 0.857 0.020 0.036
1 0.071 0.512 0.040 0.042
0 0.132 0.639 0.026 0.034
0 0.138 0.663 0.026 0.027
1 0.266 0.787 0.032 0.051
1 0.627 0.343 0.036 0.045
0 0.061 0.903 0.036 0.062
0 0.213 0.083 0.034 0.046
4 0.104 0.977 0.042 0.036
4 0.985 0.630 0.024 0.031
0 0.519 0.484 0.028 0.027
4 0.768 0.985 0.018 0.021
0 0.612 0.545 0.021 0.034
0 0.459 0.903 0.020 0.029
0 0.412 0.960 0.031 0.038
0 0.414 0.718 0.035 0.045
0 0.643 0.875 0.024 0.034
0 0.670 0.875 0.024 0.038
