0 0.919 0.415 0.015 0.046
0 0.422 0.625 0.025 0.034
0 0.440 0.517 0.016 0.029
0 0.593 0.579 0.028 0.046
4 0.755 0.981 0.043 0.033
0 0.218 0.255 0.045 0.044
0 0.498 0.874 0.023 0.043
4 0.009 0.302 0.019 0.038
0 0.877 0.494 0.032 0.048
0 0.414 0.711 0.027 0.036
0 0.136 0.222 0.036 0.048
0 0.301 0.926 0.022 0.033
0 0.336 0.914 0.021 0.041
0 0.373 0.899 0.026 0.031
4 0.013 0.381 0.020 0.046
1 0.181 0.366 0.032 0.028
1 0.014 0.837 0.027 0.041
0 0.048 0.953 0.028 0.036
0 0.498 0.258 0.023 0.038
0 0.410 0.958 0.027 0.038
0 0.405 0.693 0.028 0.025
