4 0.139 0.972 0.037 0.035
0 0.322 0.478 0.018 0.018
1 0.579 0.651 0.028 0.051
1 0.203 0.536 0.062 0.056
0 0.419 0.913 0.022 0.023
4 0.020 0.906 0.022 0.038
4 0.092 0.977 0.041 0.036
0 0.177 0.599 0.026 0.033
0 0.179 0.628 0.026 0.028
1 0.932 0.561 0.033 0.052
4 0.963 0.252 0.037 0.046
0 0.041 0.568 0.037 0.062
0 0.088 0.258 0.034 0.046
1 0.823 0.617 0.041 0.052
1 0.605 0.488 0.035 0.031
0 0.315 0.507 0.027 0.027
0 0.768 0.889 0.018 0.028
0 0.605 0.556 0.021 0.033
0 0.397 0.906 0.020 0.028
0 0.412 0.960 0.031 0.038
0 0.414 0.718 0.037 0.045
0 0.644 0.875 0.025 0.036
0 0.672 0.875 0.028 0.038
