0 0.867 0.485 0.020 0.046
0 0.505 0.606 0.025 0.033
0 0.346 0.525 0.017 0.029
0 0.520 0.666 0.028 0.046
4 0.755 0.981 0.043 0.033
0 0.304 0.249 0.044 0.043
0 0.494 0.856 0.025 0.050
4 0.009 0.313 0.018 0.036
0 0.892 0.505 0.032 0.048
0 0.414 0.711 0.027 0.036
0 0.100 0.261 0.037 0.048
0 0.303 0.929 0.023 0.034
0 0.345 0.898 0.021 0.041
0 0.384 0.901 0.026 0.031
4 0.013 0.381 0.020 0.046
1 0.016 0.247 0.028 0.029
4 0.010 0.841 0.020 0.041
4 0.033 0.984 0.028 0.023
0 0.529 0.218 0.024 0.038
0 0.410 0.958 0.027 0.038
0 0.405 0.693 0.028 0.025
