4 0.085 0.077 0.027 0.041
1 0.884 0.657 0.047 0.040
0 0.573 0.448 0.022 0.042
1 0.282 0.386 0.041 0.064
4 0.124 0.983 0.048 0.028
4 0.987 0.568 0.021 0.041
1 0.109 0.676 0.036 0.057
0 0.418 0.912 0.031 0.046
4 0.051 0.011 0.022 0.022
0 0.061 0.727 0.027 0.040
0 0.072 0.755 0.027 0.035
1 0.062 0.574 0.039 0.048
1 0.155 0.495 0.048 0.046
4 0.068 0.984 0.022 0.027
4 0.147 0.102 0.035 0.051
4 0.403 0.942 0.038 0.028
4 0.105 0.972 0.041 0.037
4 0.985 0.619 0.025 0.040
0 0.848 0.028 0.038 0.033
4 0.987 0.561 0.018 0.048
0 0.607 0.470 0.037 0.038
4 0.013 0.537 0.026 0.041
4 0.663 0.984 0.032 0.027
4 0.759 0.982 0.022 0.027
4 0.011 0.792 0.017 0.040
4 0.398 0.907 0.028 0.027
0 0.610 0.546 0.025 0.036
4 0.029 0.912 0.028 0.058
0 0.452 0.912 0.032 0.041
0 0.412 0.958 0.031 0.041
0 0.414 0.718 0.035 0.045
0 0.644 0.875 0.022 0.034
0 0.671 0.875 0.025 0.040
