1 0.689 0.733 0.019 0.028
1 0.154 0.365 0.025 0.061
0 0.879 0.047 0.036 0.041
4 0.942 0.237 0.034 0.037
4 0.979 0.254 0.037 0.046
4 0.992 0.283 0.014 0.050
1 0.171 0.922 0.034 0.031
4 0.012 0.855 0.023 0.044
4 0.983 0.537 0.031 0.041
4 0.235 0.545 0.029 0.051
0 0.127 0.577 0.025 0.034
1 0.629 0.962 0.022 0.046
1 0.315 0.518 0.036 0.071
0 0.312 0.910 0.019 0.029
4 0.081 0.981 0.040 0.029
0 0.189 0.581 0.041 0.042
0 0.161 0.655 0.034 0.043
0 0.025 0.234 0.037 0.036
1 0.048 0.075 0.033 0.044
0 0.117 0.609 0.018 0.031
0 0.892 0.701 0.032 0.027
0 0.464 0.820 0.032 0.038
0 0.384 0.900 0.025 0.029
0 0.414 0.716 0.031 0.038
0 0.645 0.878 0.027 0.035
0 0.673 0.875 0.029 0.040
