0 0.057 0.960 0.032 0.038
4 0.070 0.042 0.026 0.044
4 0.981 0.625 0.035 0.045
4 0.980 0.020 0.029 0.040
4 0.954 0.020 0.032 0.040
1 0.112 0.957 0.027 0.035
1 0.075 0.221 0.027 0.033
0 0.211 0.114 0.031 0.033
0 0.221 0.094 0.031 0.036
4 0.987 0.562 0.020 0.034
0 0.142 0.278 0.033 0.044
0 0.399 0.896 0.035 0.041
0 0.971 0.684 0.024 0.035
0 0.412 0.907 0.029 0.040
1 0.333 0.831 0.025 0.042
1 0.775 0.636 0.032 0.048
0 0.409 0.960 0.032 0.041
0 0.416 0.715 0.032 0.044
0 0.643 0.875 0.028 0.045
0 0.669 0.878 0.025 0.035
