1 0.102 0.622 0.044 0.040
0 0.504 0.467 0.019 0.031
1 0.382 0.545 0.027 0.052
1 0.132 0.592 0.062 0.056
0 0.358 0.898 0.022 0.023
0 0.285 0.878 0.021 0.035
1 0.074 0.600 0.040 0.041
0 0.142 0.633 0.027 0.034
0 0.143 0.659 0.027 0.028
1 0.323 0.785 0.032 0.050
1 0.718 0.333 0.037 0.046
0 0.057 0.879 0.036 0.062
0 0.223 0.083 0.034 0.046
4 0.104 0.977 0.042 0.036
4 0.985 0.630 0.024 0.031
0 0.501 0.490 0.027 0.027
4 0.768 0.985 0.018 0.021
0 0.612 0.545 0.021 0.034
0 0.452 0.895 0.020 0.029
0 0.412 0.960 0.031 0.038
0 0.414 0.718 0.035 0.045
0 0.643 0.875 0.024 0.034
0 0.670 0.875 0.024 0.038
