4 0.965 0.222 0.053 0.062
4 0.101 0.094 0.042 0.052
4 0.059 0.021 0.041 0.041
1 0.055 0.818 0.041 0.056
4 0.069 0.967 0.036 0.060
1 0.505 0.801 0.046 0.061
0 0.206 0.912 0.021 0.041
4 0.101 0.056 0.037 0.058
4 0.976 0.252 0.028 0.046
0 0.566 0.402 0.037 0.037
4 0.984 0.653 0.029 0.048
1 0.150 0.801 0.053 0.059
1 0.152 0.841 0.048 0.054
4 0.091 0.972 0.042 0.051
4 0.137 0.977 0.027 0.036
4 0.961 0.688 0.047 0.052
4 0.022 0.873 0.044 0.054
4 0.062 0.039 0.036 0.067
1 0.108 0.350 0.031 0.051
1 0.225 0.425 0.044 0.066
4 0.047 0.977 0.037 0.041
4 0.112 0.974 0.036 0.040
1 0.619 0.471 0.036 0.066
0 0.374 0.863 0.026 0.031
4 0.139 0.975 0.048 0.041
0 0.642 0.536 0.027 0.044
0 0.445 0.529 0.040 0.067
0 0.851 0.702 0.025 0.058
0 0.468 0.883 0.039 0.046
0 0.409 0.959 0.020 0.031
0 0.417 0.718 0.029 0.041
0 0.643 0.879 0.024 0.037
0 0.673 0.875 0.025 0.041
