4 0.984 0.531 0.027 0.045
0 0.578 0.847 0.030 0.037
4 0.419 0.939 0.021 0.033
0 0.578 0.187 0.030 0.041
0 0.287 0.937 0.014 0.028
0 0.308 0.964 0.019 0.029
0 0.425 0.920 0.027 0.034
0 0.611 0.295 0.036 0.046
1 0.625 0.739 0.040 0.038
1 0.723 0.679 0.042 0.045
0 0.801 0.725 0.014 0.025
0 0.784 0.718 0.020 0.025
0 0.769 0.691 0.017 0.026
0 0.774 0.678 0.035 0.040
1 0.765 0.644 0.041 0.048
0 0.297 0.942 0.014 0.028
4 0.978 0.561 0.035 0.043
4 0.338 0.178 0.031 0.056
0 0.729 0.512 0.037 0.046
0 0.773 0.708 0.020 0.029
4 0.044 0.080 0.039 0.077
