0 0.834 0.518 0.021 0.046
0 0.543 0.599 0.025 0.033
0 0.297 0.528 0.017 0.029
0 0.486 0.699 0.028 0.046
4 0.755 0.981 0.043 0.033
0 0.346 0.249 0.045 0.043
0 0.483 0.824 0.025 0.050
4 0.009 0.318 0.018 0.038
0 0.868 0.521 0.032 0.048
0 0.414 0.711 0.027 0.036
0 0.081 0.274 0.037 0.048
0 0.304 0.930 0.022 0.036
0 0.348 0.893 0.021 0.042
0 0.393 0.901 0.027 0.031
4 0.013 0.381 0.020 0.046
4 0.008 0.210 0.016 0.028
4 0.010 0.841 0.020 0.041
4 0.033 0.984 0.028 0.023
0 0.539 0.195 0.024 0.038
0 0.409 0.959 0.027 0.040
0 0.405 0.693 0.028 0.025
