0 0.867 0.281 0.034 0.062
4 0.101 0.094 0.042 0.052
1 0.071 0.168 0.030 0.046
1 0.788 0.625 0.044 0.056
1 0.226 0.795 0.037 0.073
4 0.157 0.966 0.046 0.054
0 0.353 0.893 0.021 0.042
4 0.107 0.089 0.037 0.059
0 0.880 0.295 0.027 0.046
0 0.347 0.457 0.037 0.040
4 0.984 0.653 0.029 0.048
1 0.904 0.568 0.053 0.058
1 0.939 0.610 0.048 0.054
4 0.091 0.972 0.042 0.051
4 0.137 0.973 0.027 0.044
0 0.937 0.688 0.047 0.052
1 0.687 0.681 0.044 0.054
4 0.062 0.039 0.036 0.067
4 0.146 0.964 0.029 0.050
4 0.968 0.573 0.044 0.066
4 0.047 0.977 0.037 0.041
4 0.112 0.966 0.036 0.054
4 0.975 0.531 0.038 0.067
0 0.395 0.881 0.027 0.031
4 0.146 0.963 0.048 0.051
0 0.607 0.548 0.029 0.046
0 0.228 0.649 0.041 0.067
0 0.749 0.981 0.023 0.033
0 0.439 0.895 0.039 0.046
0 0.412 0.957 0.025 0.044
0 0.416 0.718 0.035 0.041
0 0.644 0.877 0.022 0.033
0 0.673 0.876 0.025 0.041
