0 0.892 0.456 0.021 0.046
0 0.463 0.616 0.025 0.034
0 0.393 0.518 0.017 0.029
0 0.555 0.625 0.027 0.045
4 0.755 0.981 0.043 0.033
0 0.262 0.249 0.044 0.043
0 0.497 0.868 0.025 0.048
4 0.009 0.308 0.019 0.037
0 0.893 0.486 0.032 0.048
0 0.414 0.711 0.027 0.036
0 0.119 0.246 0.036 0.048
0 0.302 0.926 0.023 0.033
0 0.341 0.902 0.021 0.042
0 0.378 0.901 0.026 0.031
4 0.013 0.381 0.020 0.046
1 0.081 0.316 0.032 0.029
4 0.010 0.841 0.020 0.041
4 0.033 0.984 0.028 0.023
0 0.514 0.237 0.024 0.037
0 0.410 0.958 0.027 0.038
0 0.405 0.693 0.028 0.025
