0 0.912 0.426 0.018 0.046
0 0.433 0.622 0.025 0.033
0 0.428 0.517 0.017 0.029
0 0.583 0.591 0.028 0.046
4 0.755 0.981 0.043 0.033
0 0.230 0.249 0.044 0.043
0 0.498 0.871 0.023 0.044
4 0.009 0.304 0.019 0.038
0 0.882 0.490 0.032 0.048
0 0.414 0.711 0.027 0.036
0 0.132 0.228 0.036 0.048
0 0.301 0.926 0.022 0.033
0 0.338 0.910 0.021 0.042
0 0.374 0.899 0.026 0.031
4 0.013 0.381 0.020 0.046
1 0.152 0.354 0.032 0.029
4 0.010 0.841 0.020 0.041
0 0.041 0.964 0.028 0.033
0 0.502 0.251 0.023 0.038
0 0.410 0.958 0.027 0.038
0 0.405 0.693 0.028 0.025
