4 0.086 0.049 0.031 0.064
4 0.041 0.027 0.047 0.053
1 0.127 0.914 0.047 0.038
1 0.095 0.781 0.035 0.054
1 0.132 0.755 0.033 0.048
4 0.971 0.637 0.055 0.066
1 0.139 0.213 0.046 0.064
1 0.723 0.362 0.037 0.054
0 0.354 0.860 0.020 0.038
4 0.093 0.934 0.041 0.069
1 0.307 0.839 0.068 0.046
0 0.778 0.508 0.038 0.054
0 0.593 0.477 0.024 0.046
4 0.023 0.960 0.039 0.034
4 0.978 0.687 0.034 0.054
0 0.371 0.900 0.026 0.029
4 0.974 0.560 0.035 0.058
0 0.410 0.959 0.024 0.031
0 0.417 0.716 0.029 0.041
0 0.643 0.879 0.024 0.037
0 0.673 0.875 0.027 0.041
