1 0.121 0.917 0.043 0.040
0 0.446 0.470 0.019 0.031
1 0.432 0.602 0.027 0.052
1 0.132 0.571 0.062 0.056
0 0.372 0.888 0.022 0.023
0 0.051 0.915 0.021 0.036
1 0.096 0.868 0.041 0.041
0 0.150 0.622 0.027 0.033
0 0.152 0.653 0.027 0.028
1 0.529 0.745 0.032 0.050
4 0.963 0.252 0.037 0.046
0 0.040 0.764 0.037 0.062
0 0.194 0.135 0.033 0.046
1 0.228 0.818 0.042 0.052
4 0.985 0.630 0.024 0.031
0 0.440 0.499 0.027 0.027
4 0.768 0.985 0.018 0.021
0 0.612 0.545 0.021 0.034
0 0.449 0.889 0.020 0.028
0 0.412 0.960 0.031 0.038
0 0.414 0.718 0.035 0.045
0 0.643 0.875 0.024 0.034
0 0.671 0.875 0.025 0.038
