4 0.958 0.224 0.053 0.062
4 0.101 0.094 0.042 0.052
4 0.059 0.021 0.041 0.041
1 0.318 0.769 0.043 0.057
4 0.069 0.967 0.036 0.060
1 0.282 0.848 0.046 0.061
0 0.325 0.914 0.021 0.041
4 0.101 0.056 0.037 0.058
4 0.980 0.252 0.028 0.046
0 0.489 0.414 0.037 0.038
4 0.984 0.653 0.029 0.048
1 0.405 0.766 0.053 0.058
1 0.440 0.785 0.047 0.054
4 0.091 0.972 0.042 0.051
4 0.137 0.977 0.027 0.038
4 0.961 0.688 0.047 0.052
1 0.211 0.806 0.045 0.054
4 0.062 0.039 0.036 0.067
1 0.119 0.643 0.030 0.050
1 0.584 0.504 0.043 0.066
4 0.047 0.977 0.037 0.041
4 0.112 0.971 0.036 0.046
1 0.926 0.531 0.036 0.067
0 0.370 0.863 0.026 0.031
4 0.142 0.971 0.048 0.046
0 0.611 0.548 0.028 0.046
0 0.370 0.573 0.040 0.066
0 0.768 0.779 0.025 0.058
0 0.461 0.887 0.039 0.046
0 0.410 0.957 0.021 0.035
0 0.416 0.718 0.031 0.041
0 0.643 0.879 0.024 0.037
0 0.673 0.875 0.025 0.041
