4 0.984 0.531 0.027 0.045
0 0.579 0.847 0.031 0.037
4 0.417 0.939 0.021 0.033
0 0.568 0.187 0.030 0.041
0 0.287 0.937 0.014 0.028
0 0.308 0.962 0.019 0.029
0 0.421 0.920 0.028 0.034
0 0.600 0.306 0.037 0.046
1 0.667 0.708 0.041 0.038
1 0.762 0.642 0.041 0.046
0 0.809 0.718 0.013 0.025
0 0.791 0.710 0.020 0.025
0 0.779 0.683 0.017 0.026
0 0.782 0.673 0.035 0.040
1 0.808 0.632 0.041 0.049
0 0.297 0.942 0.014 0.028
4 0.978 0.561 0.035 0.043
4 0.338 0.178 0.031 0.056
0 0.703 0.504 0.036 0.046
0 0.789 0.695 0.021 0.028
4 0.044 0.075 0.039 0.077
