1 0.104 0.574 0.043 0.040
0 0.511 0.465 0.020 0.031
1 0.373 0.532 0.027 0.052
1 0.134 0.597 0.062 0.057
0 0.360 0.900 0.022 0.023
0 0.328 0.865 0.021 0.036
1 0.071 0.556 0.040 0.041
0 0.137 0.635 0.026 0.033
0 0.140 0.661 0.027 0.028
1 0.294 0.787 0.032 0.051
1 0.675 0.337 0.036 0.046
0 0.059 0.892 0.036 0.062
0 0.219 0.083 0.034 0.046
4 0.104 0.977 0.042 0.036
4 0.985 0.630 0.024 0.031
0 0.509 0.486 0.027 0.028
4 0.768 0.985 0.018 0.021
0 0.612 0.545 0.021 0.034
0 0.451 0.902 0.020 0.029
0 0.412 0.960 0.031 0.038
0 0.414 0.718 0.035 0.045
0 0.643 0.875 0.024 0.034
0 0.670 0.875 0.024 0.038
