1 0.787 0.666 0.020 0.029
1 0.100 0.251 0.025 0.061
0 0.861 0.033 0.036 0.041
4 0.950 0.233 0.034 0.038
4 0.979 0.254 0.037 0.046
4 0.992 0.283 0.014 0.050
4 0.148 0.973 0.034 0.031
4 0.012 0.855 0.023 0.044
4 0.983 0.537 0.031 0.041
4 0.235 0.545 0.029 0.051
0 0.143 0.533 0.025 0.033
1 0.630 0.912 0.022 0.046
1 0.312 0.516 0.036 0.071
0 0.334 0.914 0.020 0.028
4 0.081 0.981 0.040 0.029
0 0.189 0.593 0.041 0.041
0 0.161 0.653 0.034 0.044
0 0.025 0.286 0.037 0.035
1 0.043 0.205 0.034 0.044
0 0.130 0.569 0.018 0.031
0 0.861 0.696 0.032 0.027
0 0.476 0.760 0.031 0.038
0 0.382 0.903 0.025 0.029
0 0.414 0.717 0.034 0.040
0 0.645 0.878 0.027 0.035
0 0.673 0.875 0.029 0.040
