4 0.141 0.972 0.037 0.035
0 0.309 0.478 0.018 0.018
1 0.596 0.667 0.028 0.051
1 0.213 0.534 0.062 0.057
0 0.427 0.913 0.022 0.023
4 0.020 0.906 0.022 0.038
4 0.089 0.977 0.041 0.036
0 0.178 0.599 0.026 0.033
0 0.179 0.625 0.027 0.027
1 0.980 0.559 0.034 0.051
4 0.963 0.252 0.037 0.046
0 0.041 0.548 0.037 0.062
0 0.073 0.275 0.033 0.046
1 0.905 0.602 0.042 0.052
1 0.552 0.486 0.034 0.031
0 0.298 0.505 0.028 0.028
0 0.767 0.870 0.018 0.029
0 0.598 0.570 0.021 0.034
0 0.404 0.903 0.020 0.029
0 0.412 0.960 0.031 0.038
0 0.414 0.718 0.037 0.045
0 0.644 0.875 0.025 0.036
0 0.672 0.875 0.028 0.038
