1 0.103 0.605 0.044 0.040
0 0.505 0.465 0.019 0.031
1 0.379 0.540 0.027 0.052
1 0.132 0.594 0.062 0.056
0 0.358 0.898 0.022 0.023
0 0.301 0.874 0.021 0.036
1 0.073 0.585 0.040 0.041
0 0.140 0.633 0.027 0.034
0 0.142 0.659 0.027 0.028
1 0.313 0.785 0.032 0.050
1 0.703 0.335 0.036 0.045
0 0.057 0.883 0.036 0.062
0 0.222 0.083 0.034 0.046
4 0.104 0.977 0.042 0.036
4 0.985 0.630 0.024 0.031
0 0.504 0.488 0.027 0.028
4 0.768 0.985 0.018 0.021
0 0.612 0.545 0.021 0.034
0 0.451 0.898 0.020 0.028
0 0.412 0.960 0.031 0.038
0 0.414 0.718 0.035 0.045
0 0.643 0.875 0.024 0.034
0 0.670 0.875 0.024 0.038
