0 0.935 0.380 0.015 0.048
0 0.386 0.633 0.025 0.034
0 0.487 0.517 0.017 0.029
0 0.611 0.545 0.028 0.046
4 0.755 0.981 0.043 0.033
0 0.177 0.265 0.044 0.043
0 0.498 0.879 0.025 0.042
4 0.009 0.297 0.019 0.038
0 0.843 0.529 0.032 0.048
0 0.414 0.711 0.027 0.036
0 0.151 0.213 0.037 0.048
0 0.301 0.925 0.024 0.033
0 0.334 0.925 0.021 0.042
0 0.367 0.899 0.026 0.031
4 0.013 0.381 0.020 0.046
1 0.291 0.402 0.032 0.029
1 0.100 0.806 0.048 0.041
0 0.075 0.921 0.027 0.036
0 0.484 0.271 0.027 0.038
0 0.411 0.958 0.028 0.038
0 0.405 0.693 0.028 0.025
