1 0.165 0.943 0.020 0.029
1 0.784 0.572 0.025 0.061
4 0.882 0.050 0.034 0.042
0 0.771 0.375 0.041 0.040
0 0.823 0.301 0.041 0.048
4 0.991 0.283 0.015 0.050
1 0.709 0.676 0.034 0.031
1 0.446 0.765 0.027 0.043
0 0.968 0.537 0.031 0.041
0 0.310 0.518 0.029 0.050
0 0.037 0.762 0.025 0.033
4 0.630 0.972 0.022 0.044
1 0.358 0.513 0.036 0.064
0 0.408 0.900 0.022 0.029
1 0.066 0.695 0.040 0.041
0 0.269 0.498 0.041 0.041
0 0.221 0.534 0.034 0.044
4 0.029 0.022 0.035 0.043
4 0.050 0.034 0.033 0.044
0 0.022 0.753 0.018 0.031
4 0.970 0.685 0.038 0.033
0 0.450 0.886 0.032 0.040
0 0.456 0.929 0.025 0.028
0 0.415 0.713 0.025 0.031
0 0.645 0.878 0.027 0.035
0 0.673 0.875 0.028 0.040
