4 0.141 0.972 0.037 0.035
0 0.311 0.478 0.018 0.018
1 0.593 0.661 0.028 0.052
1 0.210 0.534 0.062 0.057
0 0.426 0.915 0.022 0.023
4 0.020 0.906 0.022 0.038
4 0.091 0.977 0.041 0.036
0 0.178 0.599 0.026 0.033
0 0.179 0.625 0.027 0.027
1 0.972 0.559 0.034 0.051
4 0.963 0.252 0.037 0.046
0 0.041 0.551 0.037 0.062
0 0.076 0.270 0.033 0.046
1 0.889 0.605 0.041 0.051
1 0.561 0.486 0.034 0.031
0 0.301 0.505 0.027 0.028
0 0.767 0.875 0.018 0.028
0 0.599 0.566 0.021 0.033
0 0.402 0.903 0.020 0.029
0 0.412 0.960 0.031 0.038
0 0.414 0.718 0.037 0.045
0 0.644 0.875 0.025 0.036
0 0.672 0.875 0.028 0.038
