4 0.085 0.077 0.027 0.041
4 0.989 0.656 0.020 0.038
0 0.709 0.398 0.022 0.041
1 0.153 0.240 0.041 0.064
4 0.124 0.983 0.048 0.028
1 0.936 0.568 0.020 0.041
1 0.024 0.795 0.035 0.056
0 0.383 0.895 0.030 0.046
4 0.051 0.011 0.022 0.022
4 0.008 0.788 0.016 0.040
4 0.007 0.828 0.015 0.036
4 0.072 0.020 0.039 0.040
4 0.005 0.861 0.011 0.044
4 0.068 0.984 0.022 0.027
4 0.147 0.102 0.035 0.051
4 0.403 0.942 0.038 0.028
1 0.080 0.780 0.039 0.040
1 0.811 0.614 0.023 0.041
4 0.892 0.056 0.037 0.033
1 0.721 0.495 0.025 0.046
0 0.715 0.425 0.037 0.037
0 0.116 0.485 0.025 0.041
1 0.753 0.708 0.032 0.029
0 0.761 0.855 0.021 0.035
4 0.013 0.792 0.021 0.040
4 0.397 0.909 0.028 0.028
0 0.608 0.548 0.031 0.040
0 0.112 0.766 0.027 0.058
0 0.416 0.910 0.032 0.042
0 0.413 0.956 0.029 0.046
0 0.415 0.718 0.037 0.045
0 0.644 0.875 0.022 0.034
0 0.672 0.876 0.025 0.041
