4 0.085 0.077 0.027 0.041
4 0.989 0.656 0.020 0.038
0 0.779 0.352 0.034 0.040
1 0.108 0.140 0.040 0.065
1 0.094 0.693 0.048 0.041
1 0.679 0.691 0.020 0.042
4 0.015 0.819 0.030 0.056
0 0.366 0.903 0.030 0.046
4 0.051 0.011 0.022 0.022
4 0.008 0.788 0.016 0.040
4 0.007 0.828 0.015 0.036
4 0.072 0.020 0.039 0.040
4 0.005 0.861 0.011 0.044
4 0.068 0.984 0.022 0.027
4 0.147 0.102 0.035 0.051
4 0.403 0.942 0.038 0.028
1 0.072 0.319 0.039 0.040
1 0.505 0.750 0.023 0.041
4 0.892 0.056 0.037 0.033
1 0.443 0.370 0.025 0.046
0 0.786 0.379 0.037 0.037
0 0.206 0.483 0.025 0.041
1 0.925 0.656 0.032 0.028
0 0.787 0.736 0.025 0.031
1 0.037 0.844 0.024 0.040
0 0.401 0.897 0.028 0.027
0 0.607 0.550 0.032 0.042
0 0.130 0.701 0.027 0.056
0 0.429 0.904 0.032 0.041
0 0.413 0.955 0.029 0.048
0 0.415 0.718 0.037 0.045
0 0.644 0.875 0.022 0.034
0 0.672 0.876 0.025 0.041
