0 0.863 0.283 0.033 0.062
4 0.101 0.094 0.042 0.052
1 0.072 0.183 0.030 0.046
1 0.800 0.619 0.043 0.056
1 0.238 0.788 0.036 0.073
4 0.157 0.966 0.046 0.054
0 0.352 0.896 0.021 0.041
4 0.111 0.107 0.036 0.061
0 0.876 0.298 0.027 0.046
0 0.343 0.459 0.037 0.040
4 0.984 0.653 0.029 0.048
1 0.917 0.564 0.053 0.059
1 0.953 0.608 0.048 0.054
4 0.091 0.972 0.042 0.051
4 0.137 0.973 0.027 0.044
0 0.933 0.688 0.047 0.052
1 0.700 0.672 0.044 0.054
4 0.062 0.039 0.036 0.067
4 0.146 0.964 0.029 0.050
4 0.968 0.573 0.044 0.066
4 0.047 0.977 0.037 0.041
4 0.112 0.966 0.036 0.054
4 0.975 0.531 0.038 0.067
0 0.396 0.881 0.027 0.031
4 0.146 0.962 0.048 0.054
0 0.607 0.548 0.029 0.046
0 0.224 0.652 0.041 0.066
4 0.749 0.977 0.023 0.036
0 0.439 0.895 0.039 0.046
0 0.412 0.957 0.025 0.044
0 0.416 0.718 0.035 0.041
0 0.644 0.877 0.022 0.033
0 0.673 0.876 0.025 0.041
