0 0.860 0.491 0.021 0.045
0 0.512 0.604 0.025 0.033
0 0.336 0.525 0.017 0.029
0 0.514 0.673 0.027 0.046
4 0.755 0.981 0.043 0.033
0 0.312 0.249 0.044 0.043
0 0.491 0.850 0.025 0.051
4 0.009 0.314 0.018 0.038
0 0.887 0.507 0.032 0.049
0 0.414 0.711 0.027 0.036
0 0.097 0.263 0.037 0.048
0 0.303 0.929 0.023 0.034
0 0.345 0.898 0.021 0.041
0 0.385 0.901 0.026 0.031
4 0.013 0.381 0.020 0.046
1 0.012 0.237 0.023 0.029
4 0.010 0.841 0.020 0.041
4 0.033 0.984 0.028 0.023
0 0.531 0.214 0.024 0.037
0 0.410 0.958 0.027 0.038
0 0.405 0.693 0.028 0.025
