0 0.902 0.443 0.021 0.046
0 0.447 0.619 0.025 0.033
0 0.411 0.517 0.017 0.029
0 0.569 0.608 0.027 0.046
4 0.755 0.981 0.043 0.033
0 0.247 0.249 0.044 0.043
0 0.497 0.869 0.025 0.048
4 0.009 0.306 0.019 0.038
0 0.891 0.486 0.032 0.048
0 0.414 0.711 0.027 0.036
0 0.126 0.238 0.036 0.048
0 0.302 0.926 0.023 0.033
0 0.339 0.906 0.021 0.041
0 0.375 0.901 0.026 0.031
4 0.013 0.381 0.020 0.046
1 0.114 0.337 0.032 0.029
4 0.010 0.841 0.020 0.041
0 0.033 0.980 0.028 0.031
0 0.509 0.245 0.023 0.037
0 0.410 0.958 0.027 0.038
0 0.405 0.693 0.028 0.025
