4 0.951 0.231 0.053 0.062
4 0.101 0.094 0.042 0.052
4 0.059 0.021 0.041 0.041
1 0.375 0.767 0.043 0.056
4 0.069 0.967 0.036 0.060
1 0.242 0.861 0.046 0.061
0 0.325 0.912 0.021 0.041
4 0.101 0.056 0.037 0.058
0 0.980 0.252 0.028 0.046
0 0.474 0.416 0.038 0.038
4 0.984 0.653 0.029 0.048
1 0.464 0.758 0.053 0.058
1 0.501 0.773 0.047 0.054
4 0.091 0.972 0.042 0.051
4 0.137 0.976 0.027 0.040
4 0.961 0.688 0.047 0.052
1 0.261 0.795 0.044 0.054
4 0.062 0.039 0.036 0.067
1 0.122 0.698 0.030 0.050
1 0.654 0.524 0.044 0.067
4 0.047 0.977 0.037 0.041
4 0.112 0.971 0.036 0.046
4 0.975 0.531 0.038 0.067
0 0.368 0.869 0.026 0.031
4 0.142 0.970 0.048 0.048
0 0.610 0.548 0.028 0.046
0 0.356 0.585 0.040 0.067
0 0.758 0.797 0.025 0.058
0 0.461 0.887 0.039 0.046
0 0.411 0.958 0.022 0.038
0 0.416 0.718 0.031 0.041
0 0.643 0.878 0.024 0.035
0 0.673 0.875 0.025 0.041
