1 0.241 0.870 0.019 0.029
1 0.673 0.532 0.025 0.061
4 0.882 0.050 0.034 0.042
0 0.797 0.347 0.036 0.037
0 0.859 0.274 0.041 0.048
4 0.992 0.283 0.014 0.050
1 0.603 0.732 0.034 0.031
1 0.347 0.773 0.028 0.043
4 0.983 0.537 0.031 0.041
0 0.289 0.520 0.029 0.050
0 0.052 0.737 0.025 0.033
4 0.630 0.972 0.022 0.044
1 0.341 0.523 0.037 0.071
0 0.386 0.900 0.022 0.029
1 0.075 0.829 0.040 0.041
0 0.245 0.508 0.041 0.041
0 0.208 0.546 0.034 0.043
0 0.029 0.029 0.035 0.041
4 0.050 0.032 0.033 0.043
0 0.035 0.734 0.018 0.031
4 0.969 0.682 0.037 0.031
0 0.449 0.886 0.032 0.040
0 0.456 0.926 0.025 0.029
0 0.415 0.713 0.025 0.031
0 0.645 0.878 0.027 0.035
0 0.673 0.875 0.028 0.040
