4 0.132 0.970 0.041 0.038
0 0.407 0.477 0.020 0.023
1 0.471 0.619 0.028 0.051
1 0.144 0.561 0.062 0.056
0 0.388 0.897 0.022 0.023
4 0.020 0.906 0.022 0.038
4 0.102 0.976 0.041 0.040
0 0.150 0.622 0.027 0.033
0 0.150 0.659 0.027 0.028
1 0.642 0.695 0.032 0.051
4 0.963 0.252 0.037 0.046
0 0.040 0.712 0.037 0.062
0 0.176 0.166 0.033 0.046
1 0.368 0.784 0.041 0.051
1 0.920 0.603 0.035 0.031
0 0.405 0.500 0.028 0.027
4 0.768 0.985 0.018 0.021
0 0.612 0.545 0.021 0.034
0 0.433 0.893 0.019 0.029
0 0.412 0.960 0.031 0.038
0 0.414 0.718 0.035 0.045
0 0.643 0.875 0.024 0.034
0 0.671 0.875 0.025 0.038
