4 0.086 0.049 0.031 0.064
4 0.041 0.027 0.047 0.053
1 0.795 0.679 0.047 0.038
4 0.057 0.027 0.034 0.053
4 0.091 0.101 0.034 0.049
4 0.971 0.637 0.055 0.066
4 0.099 0.113 0.046 0.064
1 0.908 0.260 0.037 0.054
0 0.298 0.862 0.020 0.037
1 0.092 0.903 0.041 0.077
1 0.700 0.722 0.068 0.046
0 0.873 0.345 0.037 0.054
0 0.728 0.262 0.024 0.046
0 0.129 0.902 0.047 0.033
4 0.978 0.687 0.034 0.054
0 0.340 0.903 0.025 0.029
4 0.974 0.560 0.035 0.058
0 0.413 0.960 0.035 0.038
0 0.416 0.714 0.032 0.046
0 0.643 0.877 0.024 0.033
0 0.671 0.876 0.029 0.038
