4 0.049 0.977 0.029 0.038
4 0.070 0.042 0.026 0.044
4 0.981 0.625 0.035 0.045
4 0.980 0.020 0.029 0.040
4 0.954 0.020 0.032 0.040
4 0.100 0.985 0.027 0.025
4 0.064 0.014 0.027 0.028
0 0.300 0.148 0.030 0.034
0 0.314 0.117 0.030 0.036
4 0.987 0.562 0.020 0.034
0 0.147 0.426 0.034 0.044
0 0.429 0.922 0.034 0.041
0 0.871 0.688 0.023 0.036
4 0.399 0.913 0.029 0.040
1 0.627 0.768 0.025 0.042
1 0.409 0.755 0.032 0.048
0 0.407 0.960 0.029 0.041
0 0.416 0.715 0.032 0.044
0 0.643 0.873 0.028 0.048
0 0.669 0.878 0.025 0.035
