0 0.077 0.865 0.032 0.040
4 0.070 0.042 0.026 0.044
4 0.981 0.625 0.035 0.045
4 0.980 0.020 0.029 0.040
4 0.954 0.020 0.032 0.040
1 0.396 0.765 0.027 0.036
1 0.084 0.699 0.028 0.033
4 0.152 0.112 0.031 0.033
4 0.158 0.107 0.031 0.036
4 0.988 0.562 0.018 0.034
0 0.140 0.132 0.033 0.043
0 0.314 0.896 0.034 0.041
4 0.974 0.684 0.027 0.040
0 0.378 0.890 0.029 0.040
4 0.145 0.972 0.025 0.042
4 0.980 0.560 0.034 0.050
0 0.411 0.960 0.037 0.041
0 0.415 0.714 0.034 0.046
0 0.643 0.874 0.027 0.040
0 0.670 0.878 0.027 0.035
