4 0.146 0.972 0.035 0.033
0 0.234 0.481 0.021 0.025
1 0.627 0.758 0.026 0.051
1 0.271 0.524 0.060 0.058
0 0.405 0.890 0.020 0.027
4 0.020 0.906 0.022 0.038
4 0.083 0.980 0.040 0.031
0 0.179 0.601 0.027 0.036
0 0.169 0.631 0.028 0.029
4 0.968 0.559 0.034 0.051
4 0.963 0.252 0.037 0.046
0 0.040 0.446 0.037 0.046
0 0.018 0.337 0.034 0.046
4 0.967 0.602 0.044 0.054
1 0.306 0.411 0.034 0.035
0 0.229 0.505 0.025 0.028
0 0.771 0.773 0.024 0.028
0 0.549 0.637 0.024 0.033
0 0.406 0.898 0.021 0.028
0 0.412 0.960 0.031 0.038
0 0.414 0.718 0.037 0.045
0 0.644 0.875 0.025 0.036
0 0.673 0.875 0.029 0.038
