4 0.132 0.970 0.043 0.038
0 0.404 0.479 0.018 0.020
1 0.475 0.621 0.028 0.051
1 0.145 0.561 0.062 0.056
0 0.390 0.897 0.022 0.023
4 0.020 0.906 0.022 0.038
4 0.100 0.976 0.041 0.040
0 0.150 0.622 0.027 0.033
0 0.150 0.659 0.027 0.028
1 0.652 0.687 0.032 0.051
4 0.963 0.252 0.037 0.046
0 0.040 0.706 0.037 0.062
0 0.173 0.170 0.033 0.046
1 0.384 0.780 0.041 0.052
1 0.909 0.597 0.035 0.031
0 0.401 0.500 0.028 0.027
4 0.768 0.985 0.018 0.021
0 0.612 0.545 0.021 0.034
0 0.434 0.892 0.019 0.029
0 0.412 0.960 0.031 0.038
0 0.414 0.718 0.035 0.045
0 0.643 0.875 0.024 0.034
0 0.671 0.875 0.027 0.038
