0 0.220 0.934 0.032 0.040
1 0.080 0.454 0.028 0.046
4 0.981 0.625 0.035 0.045
0 0.880 0.167 0.029 0.044
0 0.852 0.113 0.032 0.051
1 0.906 0.569 0.027 0.036
4 0.098 0.977 0.028 0.034
4 0.152 0.112 0.031 0.033
4 0.169 0.101 0.031 0.036
4 0.988 0.562 0.018 0.034
4 0.143 0.119 0.034 0.044
0 0.188 0.858 0.034 0.041
4 0.977 0.686 0.032 0.052
0 0.341 0.904 0.029 0.038
4 0.145 0.972 0.025 0.042
4 0.975 0.559 0.034 0.056
0 0.413 0.960 0.041 0.041
0 0.415 0.714 0.034 0.046
0 0.644 0.875 0.025 0.034
0 0.671 0.878 0.028 0.035
