4 0.137 0.972 0.039 0.035
0 0.342 0.478 0.018 0.018
1 0.557 0.640 0.027 0.052
1 0.192 0.540 0.062 0.056
0 0.408 0.903 0.022 0.023
4 0.020 0.906 0.022 0.038
4 0.093 0.977 0.041 0.038
0 0.171 0.608 0.027 0.034
0 0.179 0.632 0.026 0.027
1 0.866 0.568 0.032 0.051
4 0.963 0.252 0.037 0.046
0 0.040 0.597 0.037 0.062
0 0.107 0.241 0.034 0.045
1 0.728 0.665 0.042 0.052
1 0.671 0.488 0.034 0.031
0 0.334 0.507 0.028 0.027
0 0.767 0.914 0.018 0.028
0 0.612 0.545 0.021 0.034
0 0.388 0.906 0.020 0.028
0 0.412 0.960 0.031 0.038
0 0.414 0.718 0.037 0.045
0 0.644 0.875 0.025 0.036
0 0.672 0.875 0.028 0.038
