0 0.827 0.525 0.021 0.046
0 0.551 0.599 0.025 0.033
0 0.287 0.528 0.017 0.029
0 0.479 0.706 0.028 0.046
4 0.755 0.981 0.043 0.033
0 0.354 0.249 0.044 0.043
0 0.482 0.818 0.025 0.051
4 0.009 0.319 0.018 0.036
0 0.863 0.524 0.032 0.048
0 0.414 0.711 0.027 0.036
0 0.078 0.278 0.036 0.048
0 0.304 0.931 0.022 0.033
0 0.349 0.891 0.021 0.041
0 0.395 0.901 0.027 0.031
4 0.013 0.381 0.020 0.046
4 0.008 0.210 0.016 0.028
4 0.010 0.841 0.020 0.041
4 0.033 0.984 0.028 0.023
0 0.542 0.191 0.024 0.037
0 0.409 0.959 0.027 0.040
0 0.405 0.693 0.028 0.025
