1 0.405 0.824 0.020 0.029
1 0.476 0.461 0.025 0.060
4 0.882 0.050 0.034 0.042
0 0.858 0.302 0.034 0.038
0 0.944 0.256 0.041 0.046
4 0.992 0.283 0.014 0.050
1 0.425 0.763 0.033 0.031
1 0.197 0.803 0.027 0.043
4 0.983 0.537 0.031 0.041
0 0.279 0.523 0.029 0.051
0 0.087 0.691 0.025 0.033
4 0.630 0.973 0.022 0.044
1 0.330 0.521 0.036 0.071
0 0.358 0.898 0.022 0.028
4 0.081 0.981 0.040 0.029
0 0.213 0.539 0.042 0.041
0 0.176 0.594 0.033 0.043
0 0.029 0.105 0.037 0.035
4 0.050 0.028 0.033 0.044
0 0.070 0.692 0.018 0.031
0 0.967 0.680 0.032 0.027
0 0.449 0.881 0.032 0.038
0 0.436 0.920 0.025 0.028
0 0.415 0.714 0.028 0.033
0 0.645 0.878 0.027 0.035
0 0.673 0.875 0.028 0.040
