4 0.141 0.972 0.037 0.035
0 0.303 0.478 0.018 0.018
1 0.601 0.680 0.028 0.052
1 0.219 0.534 0.062 0.057
0 0.432 0.909 0.022 0.023
4 0.020 0.906 0.022 0.038
4 0.089 0.977 0.041 0.036
0 0.179 0.599 0.026 0.033
0 0.177 0.625 0.027 0.027
4 0.979 0.559 0.034 0.051
4 0.963 0.252 0.037 0.046
0 0.041 0.537 0.037 0.062
0 0.066 0.281 0.033 0.045
1 0.939 0.601 0.041 0.052
1 0.531 0.484 0.035 0.031
0 0.293 0.505 0.028 0.028
0 0.767 0.862 0.018 0.029
0 0.593 0.579 0.021 0.033
0 0.407 0.903 0.020 0.029
0 0.412 0.960 0.031 0.038
0 0.414 0.718 0.037 0.045
0 0.644 0.875 0.025 0.036
0 0.672 0.875 0.028 0.038
