1 0.401 0.823 0.020 0.029
1 0.488 0.463 0.025 0.061
4 0.882 0.050 0.034 0.042
0 0.855 0.304 0.035 0.038
0 0.937 0.254 0.041 0.046
4 0.992 0.283 0.014 0.050
1 0.436 0.761 0.033 0.031
1 0.206 0.799 0.028 0.044
4 0.983 0.537 0.031 0.041
0 0.279 0.523 0.029 0.051
0 0.084 0.695 0.025 0.034
4 0.630 0.973 0.022 0.044
1 0.330 0.521 0.036 0.071
0 0.360 0.898 0.022 0.028
4 0.081 0.981 0.040 0.029
0 0.215 0.537 0.042 0.041
0 0.179 0.590 0.033 0.044
0 0.029 0.101 0.037 0.036
4 0.050 0.028 0.033 0.044
0 0.067 0.694 0.018 0.031
4 0.967 0.680 0.032 0.027
0 0.449 0.882 0.032 0.040
0 0.437 0.923 0.025 0.029
0 0.415 0.714 0.028 0.033
0 0.645 0.878 0.027 0.035
0 0.673 0.875 0.028 0.040
