1 0.261 0.860 0.020 0.029
1 0.647 0.523 0.025 0.060
4 0.882 0.050 0.034 0.042
0 0.804 0.341 0.034 0.038
0 0.866 0.269 0.041 0.048
4 0.992 0.283 0.014 0.050
1 0.579 0.736 0.033 0.031
1 0.327 0.773 0.028 0.043
4 0.983 0.537 0.031 0.041
0 0.285 0.520 0.029 0.050
0 0.058 0.731 0.025 0.033
4 0.630 0.972 0.022 0.044
1 0.340 0.523 0.037 0.071
0 0.382 0.900 0.022 0.029
1 0.075 0.862 0.040 0.042
0 0.240 0.512 0.041 0.042
0 0.203 0.553 0.033 0.043
0 0.029 0.034 0.035 0.040
4 0.050 0.032 0.033 0.043
0 0.038 0.730 0.018 0.031
4 0.968 0.682 0.035 0.031
0 0.449 0.886 0.032 0.040
0 0.455 0.926 0.025 0.029
0 0.415 0.713 0.025 0.031
0 0.645 0.878 0.027 0.035
0 0.673 0.875 0.028 0.040
