4 0.965 0.222 0.053 0.062
4 0.101 0.094 0.042 0.052
4 0.059 0.021 0.041 0.041
4 0.019 0.832 0.039 0.057
4 0.069 0.967 0.036 0.060
1 0.686 0.756 0.046 0.062
4 0.074 0.927 0.021 0.041
4 0.101 0.056 0.037 0.058
4 0.976 0.252 0.028 0.046
0 0.621 0.389 0.037 0.038
4 0.984 0.653 0.029 0.048
4 0.022 0.831 0.044 0.059
4 0.022 0.885 0.044 0.054
4 0.091 0.972 0.042 0.051
4 0.137 0.979 0.027 0.033
4 0.961 0.688 0.047 0.052
4 0.022 0.873 0.044 0.054
4 0.062 0.039 0.036 0.067
1 0.091 0.133 0.032 0.058
1 0.068 0.210 0.043 0.067
4 0.046 0.977 0.037 0.041
4 0.111 0.975 0.036 0.041
4 0.139 0.972 0.033 0.048
1 0.676 0.762 0.055 0.066
1 0.425 0.411 0.037 0.064
1 0.626 0.389 0.036 0.054
0 0.356 0.890 0.024 0.036
4 0.093 0.915 0.041 0.077
1 0.156 0.948 0.052 0.059
0 0.691 0.523 0.029 0.045
0 0.504 0.515 0.039 0.065
4 0.051 0.962 0.047 0.033
0 0.912 0.684 0.025 0.056
0 0.444 0.897 0.036 0.043
4 0.974 0.560 0.035 0.058
0 0.409 0.959 0.021 0.031
0 0.417 0.716 0.029 0.041
0 0.643 0.879 0.024 0.037
0 0.673 0.875 0.027 0.041
