4 0.133 0.970 0.041 0.038
0 0.400 0.482 0.018 0.018
1 0.482 0.624 0.028 0.052
1 0.148 0.559 0.062 0.056
0 0.391 0.895 0.022 0.023
4 0.020 0.906 0.022 0.038
4 0.100 0.976 0.041 0.040
0 0.152 0.622 0.027 0.033
0 0.150 0.661 0.027 0.028
1 0.671 0.670 0.032 0.051
4 0.963 0.252 0.037 0.046
0 0.040 0.696 0.037 0.062
0 0.168 0.179 0.034 0.045
1 0.417 0.773 0.041 0.052
1 0.885 0.586 0.034 0.031
0 0.394 0.503 0.028 0.028
4 0.768 0.985 0.018 0.021
0 0.612 0.545 0.021 0.034
0 0.428 0.893 0.020 0.029
0 0.412 0.960 0.031 0.038
0 0.414 0.718 0.035 0.045
0 0.643 0.875 0.024 0.034
0 0.671 0.875 0.027 0.038
