4 0.085 0.077 0.027 0.041
1 0.771 0.701 0.047 0.040
0 0.572 0.449 0.022 0.042
1 0.302 0.417 0.040 0.064
4 0.124 0.983 0.048 0.028
4 0.987 0.568 0.021 0.041
1 0.119 0.647 0.036 0.056
0 0.419 0.912 0.031 0.046
1 0.050 0.061 0.022 0.043
0 0.077 0.709 0.028 0.040
0 0.091 0.734 0.028 0.036
1 0.064 0.654 0.039 0.048
1 0.230 0.392 0.047 0.046
4 0.068 0.984 0.022 0.027
4 0.147 0.102 0.035 0.051
0 0.403 0.942 0.038 0.028
4 0.105 0.973 0.041 0.035
4 0.985 0.623 0.025 0.038
0 0.832 0.017 0.038 0.033
4 0.985 0.561 0.018 0.048
0 0.593 0.481 0.037 0.038
4 0.013 0.537 0.026 0.041
4 0.663 0.984 0.032 0.027
4 0.761 0.983 0.022 0.025
4 0.011 0.792 0.017 0.040
4 0.400 0.905 0.028 0.027
0 0.610 0.546 0.024 0.036
4 0.029 0.912 0.028 0.058
0 0.459 0.912 0.032 0.041
0 0.412 0.958 0.031 0.041
0 0.414 0.718 0.035 0.045
0 0.644 0.875 0.022 0.034
0 0.670 0.875 0.024 0.038
