4 0.085 0.077 0.027 0.041
4 0.989 0.656 0.020 0.038
0 0.768 0.361 0.034 0.040
1 0.111 0.157 0.040 0.064
1 0.097 0.756 0.048 0.041
1 0.727 0.656 0.021 0.041
4 0.015 0.819 0.030 0.056
0 0.373 0.900 0.030 0.046
4 0.051 0.011 0.022 0.022
4 0.008 0.788 0.016 0.040
4 0.007 0.828 0.015 0.036
4 0.072 0.020 0.039 0.040
4 0.005 0.861 0.011 0.044
4 0.068 0.984 0.022 0.027
4 0.147 0.102 0.035 0.051
4 0.403 0.942 0.038 0.028
1 0.076 0.407 0.039 0.040
1 0.564 0.737 0.023 0.042
4 0.892 0.056 0.037 0.033
1 0.498 0.372 0.025 0.046
0 0.775 0.387 0.037 0.038
0 0.190 0.481 0.025 0.042
1 0.891 0.662 0.032 0.029
0 0.776 0.758 0.022 0.034
1 0.022 0.813 0.024 0.040
0 0.404 0.901 0.028 0.028
0 0.607 0.550 0.032 0.042
0 0.129 0.703 0.027 0.056
0 0.427 0.904 0.032 0.041
0 0.413 0.955 0.029 0.048
0 0.415 0.718 0.037 0.045
0 0.644 0.875 0.022 0.034
0 0.672 0.876 0.025 0.041
