4 0.139 0.972 0.039 0.035
0 0.336 0.478 0.018 0.018
1 0.564 0.642 0.027 0.052
1 0.196 0.540 0.062 0.056
0 0.411 0.907 0.022 0.023
4 0.020 0.906 0.022 0.038
4 0.093 0.977 0.041 0.036
0 0.173 0.604 0.027 0.033
0 0.179 0.630 0.026 0.028
1 0.887 0.564 0.033 0.050
4 0.963 0.252 0.037 0.046
0 0.040 0.587 0.037 0.062
0 0.101 0.245 0.034 0.046
1 0.759 0.648 0.041 0.052
1 0.647 0.488 0.035 0.031
0 0.327 0.507 0.028 0.027
0 0.768 0.906 0.018 0.028
0 0.610 0.548 0.021 0.033
0 0.391 0.906 0.020 0.028
0 0.412 0.960 0.031 0.038
0 0.414 0.718 0.037 0.045
0 0.644 0.875 0.025 0.036
0 0.672 0.875 0.028 0.038
