1 0.290 0.847 0.020 0.029
1 0.608 0.511 0.025 0.061
4 0.882 0.050 0.034 0.042
0 0.817 0.333 0.034 0.038
0 0.877 0.261 0.041 0.048
4 0.992 0.283 0.014 0.050
1 0.543 0.743 0.034 0.031
1 0.297 0.780 0.028 0.043
4 0.983 0.537 0.031 0.041
0 0.282 0.523 0.029 0.051
0 0.065 0.722 0.025 0.033
4 0.630 0.972 0.022 0.044
1 0.337 0.523 0.037 0.071
0 0.376 0.898 0.022 0.028
1 0.077 0.912 0.040 0.041
0 0.231 0.516 0.041 0.041
0 0.194 0.563 0.033 0.043
0 0.029 0.048 0.037 0.040
4 0.050 0.032 0.033 0.043
0 0.045 0.722 0.018 0.031
4 0.968 0.681 0.035 0.029
0 0.449 0.886 0.032 0.040
0 0.451 0.929 0.025 0.028
0 0.414 0.714 0.027 0.033
0 0.645 0.878 0.027 0.035
0 0.673 0.875 0.028 0.040
