4 0.085 0.077 0.027 0.041
4 0.989 0.656 0.020 0.038
0 0.598 0.443 0.022 0.041
1 0.242 0.353 0.040 0.064
4 0.124 0.983 0.048 0.028
4 0.987 0.568 0.021 0.041
1 0.087 0.711 0.037 0.056
0 0.407 0.908 0.031 0.046
4 0.051 0.011 0.022 0.022
0 0.034 0.761 0.028 0.040
0 0.046 0.784 0.028 0.035
1 0.082 0.382 0.039 0.049
1 0.122 0.679 0.047 0.045
4 0.068 0.984 0.022 0.027
4 0.147 0.102 0.035 0.051
4 0.403 0.942 0.038 0.028
4 0.105 0.970 0.039 0.038
4 0.985 0.616 0.025 0.041
0 0.871 0.041 0.037 0.033
4 0.988 0.561 0.018 0.048
0 0.627 0.456 0.036 0.037
4 0.012 0.537 0.025 0.041
4 0.663 0.983 0.032 0.028
4 0.756 0.981 0.023 0.029
4 0.011 0.792 0.018 0.040
4 0.398 0.907 0.028 0.027
0 0.609 0.547 0.027 0.038
0 0.034 0.904 0.028 0.058
0 0.438 0.912 0.032 0.041
0 0.412 0.957 0.031 0.044
0 0.414 0.718 0.035 0.045
0 0.644 0.875 0.022 0.034
0 0.671 0.875 0.025 0.040
