1 0.110 0.864 0.043 0.040
0 0.455 0.472 0.020 0.031
1 0.419 0.590 0.028 0.051
1 0.132 0.574 0.062 0.057
0 0.366 0.890 0.022 0.023
0 0.096 0.932 0.021 0.035
1 0.093 0.812 0.041 0.041
0 0.150 0.622 0.027 0.033
0 0.152 0.655 0.027 0.027
1 0.489 0.754 0.032 0.050
1 0.929 0.256 0.036 0.046
0 0.040 0.785 0.037 0.062
0 0.205 0.120 0.034 0.046
1 0.180 0.840 0.041 0.051
4 0.985 0.630 0.024 0.031
0 0.451 0.499 0.027 0.027
4 0.768 0.985 0.018 0.021
0 0.612 0.545 0.021 0.034
0 0.451 0.885 0.020 0.029
0 0.412 0.960 0.031 0.038
0 0.414 0.718 0.035 0.045
0 0.643 0.875 0.024 0.034
0 0.671 0.875 0.025 0.038
