4 0.158 0.970 0.020 0.031
4 0.981 0.580 0.027 0.056
4 0.882 0.050 0.034 0.042
0 0.700 0.426 0.037 0.040
0 0.750 0.320 0.043 0.051
0 0.955 0.330 0.022 0.048
1 0.891 0.611 0.032 0.056
1 0.607 0.730 0.025 0.048
0 0.891 0.551 0.028 0.029
0 0.344 0.517 0.022 0.035
0 0.011 0.790 0.022 0.036
4 0.630 0.971 0.022 0.046
1 0.387 0.495 0.036 0.053
0 0.436 0.915 0.026 0.036
1 0.054 0.488 0.033 0.035
0 0.303 0.486 0.023 0.035
0 0.233 0.538 0.022 0.036
4 0.029 0.023 0.035 0.043
4 0.050 0.038 0.033 0.043
4 0.011 0.762 0.018 0.025
4 0.972 0.687 0.042 0.038
0 0.453 0.877 0.029 0.040
0 0.456 0.920 0.022 0.034
0 0.416 0.712 0.024 0.029
0 0.645 0.878 0.027 0.035
0 0.673 0.875 0.028 0.040
4 0.844 0.013 0.031 0.027
4 0.895 0.013 0.035 0.027
4 0.144 0.073 0.037 0.046
4 0.198 0.972 0.029 0.044
0 0.411 0.958 0.025 0.033
4 0.984 0.648 0.029 0.028
4 0.669 0.982 0.024 0.031
4 0.702 0.988 0.032 0.018
4 0.987 0.656 0.024 0.045
4 0.037 0.016 0.034 0.031
4 0.016 0.347 0.032 0.048
4 0.077 0.977 0.043 0.041
4 0.982 0.484 0.034 0.043
