1 0.095 0.214 0.027 0.042
1 0.644 0.784 0.047 0.040
0 0.557 0.462 0.022 0.041
1 0.331 0.450 0.040 0.064
4 0.124 0.983 0.048 0.028
4 0.987 0.568 0.021 0.041
1 0.129 0.615 0.039 0.056
0 0.411 0.906 0.031 0.045
1 0.058 0.219 0.022 0.043
0 0.093 0.682 0.028 0.040
0 0.105 0.709 0.028 0.036
1 0.104 0.751 0.039 0.048
1 0.366 0.349 0.047 0.046
4 0.068 0.984 0.022 0.027
0 0.147 0.102 0.035 0.051
0 0.425 0.972 0.037 0.028
4 0.104 0.975 0.042 0.038
4 0.985 0.625 0.025 0.034
4 0.828 0.023 0.037 0.040
4 0.985 0.561 0.020 0.048
0 0.562 0.489 0.036 0.038
4 0.014 0.537 0.027 0.041
4 0.663 0.985 0.032 0.025
4 0.763 0.983 0.020 0.025
4 0.010 0.792 0.015 0.040
4 0.400 0.905 0.028 0.027
0 0.610 0.545 0.024 0.034
4 0.029 0.912 0.028 0.058
0 0.475 0.908 0.032 0.041
0 0.412 0.959 0.031 0.040
0 0.414 0.718 0.035 0.045
0 0.644 0.875 0.022 0.034
0 0.670 0.875 0.024 0.038
