4 0.086 0.049 0.031 0.064
4 0.041 0.027 0.047 0.053
4 0.980 0.633 0.038 0.038
4 0.057 0.027 0.034 0.053
4 0.091 0.101 0.034 0.049
4 0.971 0.637 0.055 0.066
4 0.099 0.113 0.046 0.064
4 0.980 0.256 0.037 0.054
0 0.283 0.904 0.020 0.038
1 0.086 0.683 0.042 0.079
1 0.886 0.631 0.070 0.046
0 0.880 0.258 0.037 0.054
0 0.785 0.185 0.024 0.046
0 0.139 0.816 0.047 0.033
4 0.978 0.687 0.034 0.054
0 0.323 0.910 0.025 0.029
4 0.974 0.560 0.035 0.058
0 0.414 0.960 0.041 0.038
0 0.415 0.714 0.034 0.046
0 0.643 0.876 0.024 0.031
0 0.671 0.876 0.029 0.038
