0 0.874 0.477 0.020 0.046
0 0.493 0.608 0.025 0.034
0 0.360 0.523 0.017 0.028
0 0.530 0.653 0.028 0.046
4 0.755 0.981 0.043 0.033
0 0.291 0.249 0.044 0.043
0 0.497 0.864 0.025 0.050
4 0.009 0.311 0.019 0.036
0 0.892 0.498 0.032 0.048
0 0.414 0.711 0.027 0.036
0 0.105 0.257 0.037 0.049
0 0.302 0.929 0.022 0.034
0 0.343 0.899 0.021 0.041
0 0.381 0.901 0.026 0.031
4 0.013 0.381 0.020 0.046
1 0.028 0.267 0.032 0.029
4 0.010 0.841 0.020 0.041
4 0.033 0.984 0.028 0.023
0 0.525 0.225 0.024 0.038
0 0.410 0.958 0.027 0.038
0 0.405 0.693 0.028 0.025
