0 0.971 0.339 0.022 0.046
0 0.328 0.631 0.032 0.054
0 0.550 0.512 0.020 0.025
0 0.639 0.485 0.027 0.046
4 0.755 0.981 0.043 0.033
0 0.126 0.280 0.027 0.043
0 0.499 0.886 0.023 0.035
4 0.009 0.289 0.019 0.038
0 0.799 0.579 0.027 0.046
0 0.414 0.711 0.027 0.036
0 0.184 0.202 0.029 0.051
0 0.299 0.924 0.024 0.031
0 0.330 0.932 0.028 0.035
0 0.383 0.902 0.027 0.037
4 0.013 0.381 0.020 0.046
1 0.466 0.452 0.032 0.028
1 0.250 0.782 0.030 0.043
0 0.112 0.875 0.033 0.043
0 0.465 0.290 0.031 0.036
0 0.411 0.958 0.028 0.038
0 0.405 0.693 0.028 0.025
4 0.886 0.028 0.039 0.056
4 0.007 0.781 0.013 0.038
4 0.987 0.685 0.024 0.054
4 0.068 0.973 0.040 0.048
4 0.979 0.638 0.031 0.048
