4 0.150 0.979 0.020 0.029
1 0.855 0.592 0.025 0.060
4 0.882 0.050 0.034 0.042
0 0.750 0.391 0.040 0.041
0 0.798 0.307 0.041 0.048
0 0.985 0.300 0.020 0.050
1 0.769 0.644 0.034 0.031
1 0.502 0.757 0.027 0.043
0 0.940 0.541 0.030 0.042
0 0.323 0.523 0.029 0.051
0 0.029 0.777 0.025 0.033
4 0.630 0.971 0.022 0.046
1 0.368 0.507 0.036 0.060
0 0.422 0.910 0.022 0.029
1 0.060 0.625 0.040 0.041
0 0.280 0.493 0.042 0.041
0 0.223 0.540 0.034 0.044
4 0.029 0.022 0.035 0.043
4 0.050 0.036 0.033 0.044
0 0.015 0.763 0.018 0.031
4 0.971 0.686 0.039 0.036
0 0.450 0.884 0.032 0.040
0 0.456 0.929 0.025 0.028
0 0.416 0.712 0.024 0.029
0 0.645 0.878 0.027 0.035
0 0.673 0.875 0.028 0.040
