1 0.543 0.806 0.020 0.029
1 0.321 0.424 0.025 0.061
4 0.882 0.050 0.034 0.042
0 0.903 0.260 0.035 0.038
4 0.978 0.254 0.038 0.046
4 0.992 0.283 0.014 0.050
1 0.289 0.799 0.034 0.031
1 0.068 0.842 0.027 0.043
4 0.983 0.537 0.031 0.041
0 0.257 0.533 0.029 0.050
0 0.111 0.639 0.025 0.034
4 0.630 0.975 0.022 0.041
1 0.343 0.523 0.037 0.071
0 0.327 0.903 0.020 0.029
4 0.081 0.981 0.040 0.029
0 0.198 0.564 0.041 0.041
0 0.168 0.632 0.034 0.043
0 0.026 0.167 0.037 0.035
4 0.050 0.026 0.033 0.044
0 0.100 0.661 0.018 0.031
0 0.938 0.686 0.032 0.027
0 0.448 0.873 0.032 0.038
0 0.409 0.903 0.025 0.029
0 0.414 0.715 0.029 0.035
0 0.645 0.878 0.027 0.035
0 0.673 0.875 0.029 0.040
