0 0.060 0.903 0.032 0.040
4 0.070 0.042 0.026 0.044
4 0.981 0.625 0.035 0.045
4 0.980 0.020 0.029 0.040
4 0.954 0.020 0.032 0.040
1 0.238 0.801 0.026 0.035
1 0.086 0.495 0.028 0.033
4 0.152 0.112 0.031 0.033
0 0.168 0.102 0.031 0.036
4 0.987 0.562 0.020 0.034
0 0.139 0.186 0.033 0.043
0 0.360 0.896 0.034 0.041
4 0.973 0.683 0.025 0.037
0 0.409 0.903 0.029 0.040
1 0.175 0.918 0.025 0.042
1 0.982 0.561 0.032 0.048
0 0.409 0.960 0.034 0.041
0 0.416 0.715 0.032 0.044
0 0.643 0.874 0.027 0.043
0 0.670 0.878 0.027 0.035
