0 0.895 0.454 0.021 0.046
0 0.459 0.616 0.025 0.034
0 0.397 0.518 0.017 0.029
0 0.558 0.620 0.027 0.046
4 0.755 0.981 0.043 0.033
0 0.258 0.249 0.044 0.043
0 0.497 0.868 0.025 0.048
4 0.009 0.308 0.019 0.037
0 0.893 0.484 0.032 0.049
0 0.414 0.711 0.027 0.036
0 0.120 0.244 0.036 0.048
0 0.302 0.926 0.023 0.033
0 0.341 0.902 0.021 0.042
0 0.377 0.901 0.026 0.031
4 0.013 0.381 0.020 0.046
1 0.088 0.323 0.032 0.029
4 0.010 0.841 0.020 0.041
0 0.033 0.983 0.028 0.025
0 0.513 0.239 0.024 0.038
0 0.410 0.958 0.027 0.038
0 0.405 0.693 0.028 0.025
