4 0.984 0.531 0.027 0.045
0 0.578 0.847 0.030 0.037
4 0.419 0.939 0.021 0.033
0 0.579 0.185 0.031 0.041
0 0.287 0.937 0.014 0.028
0 0.308 0.964 0.019 0.029
0 0.426 0.918 0.027 0.033
0 0.613 0.293 0.036 0.046
1 0.613 0.745 0.041 0.037
1 0.713 0.685 0.042 0.046
0 0.798 0.727 0.014 0.025
0 0.782 0.720 0.020 0.025
0 0.768 0.693 0.017 0.025
0 0.771 0.678 0.035 0.040
1 0.752 0.649 0.041 0.048
0 0.297 0.942 0.014 0.028
4 0.978 0.561 0.035 0.043
4 0.339 0.180 0.029 0.056
0 0.736 0.514 0.036 0.046
0 0.773 0.710 0.020 0.028
4 0.044 0.080 0.039 0.077
