4 0.135 0.970 0.040 0.038
0 0.368 0.480 0.018 0.018
1 0.523 0.634 0.028 0.052
1 0.172 0.548 0.062 0.056
0 0.401 0.888 0.022 0.023
4 0.020 0.906 0.022 0.038
4 0.096 0.977 0.041 0.038
0 0.160 0.616 0.027 0.034
0 0.171 0.638 0.027 0.027
1 0.779 0.596 0.032 0.050
4 0.963 0.252 0.037 0.046
0 0.040 0.635 0.037 0.062
0 0.134 0.221 0.033 0.046
1 0.605 0.732 0.041 0.052
1 0.768 0.509 0.035 0.031
0 0.362 0.505 0.027 0.028
0 0.767 0.949 0.018 0.029
0 0.612 0.545 0.021 0.034
0 0.400 0.903 0.020 0.029
0 0.412 0.960 0.031 0.038
0 0.414 0.718 0.037 0.045
0 0.644 0.875 0.025 0.036
0 0.671 0.875 0.027 0.038
