4 0.135 0.970 0.040 0.038
0 0.373 0.482 0.018 0.018
1 0.519 0.634 0.028 0.052
1 0.170 0.548 0.062 0.056
0 0.401 0.886 0.022 0.022
4 0.020 0.906 0.022 0.038
4 0.096 0.977 0.041 0.038
0 0.159 0.616 0.027 0.034
0 0.170 0.640 0.027 0.027
1 0.770 0.600 0.032 0.051
4 0.963 0.252 0.037 0.046
0 0.040 0.642 0.037 0.062
0 0.137 0.216 0.033 0.046
1 0.590 0.742 0.042 0.052
1 0.781 0.516 0.035 0.031
0 0.366 0.505 0.027 0.028
0 0.767 0.956 0.018 0.029
0 0.612 0.545 0.021 0.034
0 0.401 0.903 0.020 0.029
0 0.412 0.960 0.031 0.038
0 0.414 0.718 0.037 0.045
0 0.644 0.875 0.025 0.036
0 0.671 0.875 0.027 0.038
