4 0.085 0.077 0.027 0.041
4 0.989 0.656 0.020 0.038
0 0.800 0.335 0.032 0.051
1 0.103 0.107 0.042 0.056
1 0.094 0.586 0.042 0.043
4 0.968 0.576 0.044 0.056
1 0.585 0.732 0.027 0.056
4 0.164 0.959 0.046 0.061
4 0.015 0.819 0.030 0.056
0 0.353 0.904 0.021 0.041
4 0.051 0.011 0.022 0.022
4 0.008 0.788 0.016 0.040
4 0.007 0.828 0.015 0.036
4 0.072 0.020 0.039 0.040
4 0.005 0.861 0.011 0.044
4 0.068 0.984 0.022 0.027
4 0.147 0.102 0.035 0.051
4 0.403 0.942 0.038 0.028
1 0.069 0.155 0.039 0.040
1 0.403 0.764 0.024 0.041
4 0.892 0.056 0.037 0.033
1 0.346 0.363 0.031 0.051
0 0.804 0.359 0.027 0.043
0 0.234 0.480 0.027 0.040
4 0.969 0.653 0.039 0.048
4 0.939 0.558 0.053 0.059
4 0.968 0.603 0.049 0.054
1 0.406 0.779 0.041 0.054
4 0.137 0.972 0.027 0.048
0 0.816 0.716 0.030 0.038
4 0.973 0.575 0.045 0.054
1 0.066 0.163 0.036 0.069
4 0.146 0.964 0.029 0.050
4 0.968 0.573 0.044 0.066
1 0.045 0.932 0.036 0.048
4 0.112 0.962 0.036 0.062
4 0.975 0.531 0.038 0.067
0 0.402 0.893 0.027 0.029
4 0.149 0.957 0.048 0.061
0 0.607 0.549 0.032 0.044
0 0.137 0.699 0.044 0.066
4 0.749 0.960 0.023 0.058
0 0.435 0.897 0.034 0.043
0 0.413 0.955 0.027 0.048
0 0.415 0.718 0.037 0.041
0 0.644 0.877 0.022 0.033
0 0.673 0.876 0.025 0.041
