0 0.968 0.342 0.021 0.043
0 0.332 0.632 0.032 0.052
0 0.547 0.510 0.020 0.025
0 0.637 0.487 0.027 0.046
4 0.755 0.981 0.043 0.033
0 0.130 0.280 0.029 0.043
0 0.499 0.885 0.023 0.038
4 0.009 0.290 0.019 0.036
0 0.802 0.575 0.026 0.044
0 0.414 0.711 0.027 0.036
0 0.182 0.203 0.030 0.052
0 0.299 0.924 0.024 0.031
0 0.331 0.932 0.027 0.035
0 0.382 0.902 0.027 0.037
4 0.013 0.381 0.020 0.046
1 0.452 0.452 0.032 0.028
1 0.238 0.784 0.030 0.044
0 0.109 0.879 0.033 0.042
0 0.466 0.288 0.031 0.036
0 0.411 0.958 0.028 0.038
0 0.405 0.693 0.028 0.025
4 0.880 0.029 0.039 0.058
4 0.007 0.781 0.013 0.038
4 0.987 0.685 0.024 0.054
4 0.068 0.973 0.040 0.048
4 0.979 0.638 0.031 0.048
