4 0.984 0.531 0.027 0.045
0 0.532 0.844 0.031 0.040
4 0.420 0.937 0.021 0.034
0 0.630 0.168 0.027 0.042
0 0.287 0.931 0.014 0.029
0 0.301 0.965 0.021 0.031
0 0.421 0.920 0.028 0.034
0 0.669 0.217 0.038 0.043
1 0.342 0.823 0.044 0.033
1 0.506 0.814 0.040 0.046
0 0.758 0.777 0.015 0.026
0 0.744 0.773 0.019 0.025
0 0.729 0.754 0.022 0.042
0 0.730 0.739 0.035 0.040
1 0.550 0.782 0.039 0.048
0 0.297 0.942 0.014 0.028
4 0.978 0.561 0.035 0.043
4 0.342 0.188 0.029 0.056
0 0.842 0.538 0.035 0.049
0 0.737 0.758 0.020 0.028
4 0.043 0.097 0.039 0.077
