1 0.338 0.835 0.025 0.028
1 0.555 0.490 0.025 0.061
4 0.882 0.050 0.034 0.042
0 0.834 0.320 0.035 0.038
0 0.912 0.259 0.042 0.048
4 0.992 0.283 0.014 0.050
1 0.495 0.751 0.033 0.031
1 0.257 0.788 0.027 0.043
4 0.983 0.537 0.031 0.041
0 0.281 0.523 0.029 0.051
0 0.073 0.712 0.025 0.033
4 0.630 0.973 0.022 0.044
1 0.333 0.523 0.037 0.071
0 0.368 0.895 0.022 0.029
4 0.081 0.981 0.040 0.029
0 0.222 0.523 0.042 0.041
0 0.187 0.575 0.033 0.044
0 0.029 0.070 0.037 0.038
4 0.050 0.030 0.033 0.043
0 0.054 0.709 0.018 0.031
4 0.968 0.681 0.034 0.029
0 0.449 0.886 0.032 0.040
0 0.447 0.926 0.025 0.029
0 0.415 0.714 0.028 0.033
0 0.645 0.878 0.027 0.035
0 0.673 0.875 0.028 0.040
