4 0.134 0.970 0.040 0.038
0 0.390 0.480 0.018 0.018
1 0.493 0.628 0.027 0.051
1 0.152 0.555 0.062 0.056
0 0.394 0.890 0.022 0.023
4 0.020 0.906 0.022 0.038
4 0.099 0.976 0.041 0.040
0 0.153 0.622 0.027 0.033
0 0.157 0.653 0.027 0.028
1 0.700 0.645 0.032 0.050
4 0.963 0.252 0.037 0.046
0 0.040 0.678 0.037 0.062
0 0.159 0.191 0.034 0.046
1 0.468 0.763 0.042 0.052
1 0.852 0.565 0.035 0.031
0 0.387 0.503 0.027 0.028
0 0.768 0.982 0.018 0.023
0 0.612 0.545 0.021 0.034
0 0.418 0.898 0.020 0.028
0 0.412 0.960 0.031 0.038
0 0.414 0.718 0.035 0.045
0 0.643 0.875 0.024 0.034
0 0.671 0.875 0.027 0.038
