1 0.350 0.834 0.025 0.027
1 0.543 0.484 0.025 0.060
4 0.882 0.050 0.034 0.042
0 0.838 0.316 0.035 0.037
0 0.915 0.258 0.042 0.046
4 0.992 0.283 0.014 0.050
1 0.484 0.753 0.033 0.031
1 0.247 0.790 0.027 0.044
4 0.983 0.537 0.031 0.041
0 0.281 0.523 0.029 0.051
0 0.076 0.708 0.025 0.033
4 0.630 0.973 0.022 0.044
1 0.331 0.523 0.037 0.071
0 0.365 0.895 0.022 0.029
4 0.081 0.981 0.040 0.029
0 0.221 0.524 0.042 0.041
0 0.187 0.580 0.033 0.044
0 0.029 0.077 0.037 0.038
4 0.050 0.030 0.033 0.043
0 0.057 0.707 0.018 0.031
4 0.968 0.680 0.034 0.027
0 0.449 0.884 0.032 0.040
0 0.444 0.925 0.025 0.029
0 0.415 0.714 0.028 0.033
0 0.645 0.878 0.027 0.035
0 0.673 0.875 0.028 0.040
