4 0.086 0.049 0.031 0.064
4 0.041 0.027 0.047 0.053
1 0.044 0.970 0.047 0.038
1 0.095 0.864 0.035 0.054
1 0.134 0.845 0.033 0.048
1 0.897 0.652 0.055 0.066
1 0.199 0.311 0.046 0.065
1 0.694 0.376 0.036 0.054
0 0.354 0.870 0.020 0.037
4 0.093 0.929 0.041 0.071
1 0.257 0.854 0.068 0.046
0 0.749 0.517 0.037 0.052
0 0.568 0.497 0.023 0.046
4 0.032 0.960 0.042 0.034
4 0.975 0.685 0.034 0.054
0 0.392 0.902 0.027 0.029
4 0.974 0.560 0.035 0.058
0 0.410 0.959 0.024 0.031
0 0.417 0.716 0.029 0.041
0 0.643 0.879 0.024 0.037
0 0.673 0.875 0.027 0.041
