4 0.987 0.647 0.018 0.027
4 0.076 0.078 0.025 0.060
0 0.825 0.013 0.036 0.027
4 0.950 0.233 0.034 0.038
4 0.979 0.254 0.037 0.046
4 0.992 0.283 0.014 0.050
4 0.148 0.973 0.034 0.031
4 0.012 0.855 0.023 0.044
4 0.983 0.537 0.031 0.041
4 0.235 0.545 0.029 0.051
0 0.206 0.491 0.025 0.034
1 0.629 0.791 0.022 0.046
1 0.286 0.518 0.037 0.071
0 0.387 0.893 0.017 0.029
4 0.081 0.981 0.040 0.029
0 0.183 0.602 0.041 0.041
0 0.161 0.644 0.034 0.044
0 0.040 0.406 0.037 0.038
1 0.211 0.390 0.034 0.043
0 0.200 0.517 0.018 0.028
0 0.787 0.740 0.032 0.027
0 0.529 0.664 0.031 0.038
0 0.402 0.900 0.025 0.029
0 0.413 0.718 0.035 0.041
0 0.645 0.878 0.027 0.035
0 0.673 0.875 0.029 0.040
