4 0.086 0.049 0.031 0.064
4 0.041 0.027 0.047 0.053
1 0.175 0.883 0.047 0.038
1 0.093 0.731 0.035 0.054
1 0.129 0.705 0.033 0.048
4 0.971 0.637 0.055 0.066
1 0.111 0.148 0.046 0.065
1 0.738 0.353 0.036 0.054
0 0.351 0.860 0.020 0.038
4 0.093 0.937 0.041 0.067
1 0.340 0.837 0.068 0.046
0 0.792 0.504 0.038 0.054
0 0.607 0.462 0.024 0.046
0 0.019 0.960 0.037 0.034
4 0.978 0.687 0.034 0.054
0 0.359 0.900 0.027 0.029
4 0.974 0.560 0.035 0.058
0 0.410 0.959 0.027 0.031
0 0.416 0.716 0.031 0.041
0 0.643 0.878 0.024 0.035
0 0.673 0.875 0.027 0.041
