1 0.103 0.454 0.035 0.041
1 0.427 0.844 0.048 0.040
0 0.518 0.464 0.020 0.033
1 0.360 0.495 0.031 0.053
4 0.124 0.983 0.048 0.028
4 0.987 0.568 0.021 0.041
1 0.132 0.601 0.060 0.056
0 0.373 0.900 0.023 0.029
0 0.427 0.847 0.021 0.035
1 0.071 0.450 0.033 0.044
0 0.124 0.648 0.026 0.034
0 0.130 0.674 0.026 0.028
1 0.227 0.785 0.035 0.050
1 0.573 0.352 0.040 0.046
0 0.065 0.921 0.030 0.065
0 0.200 0.087 0.034 0.046
4 0.429 0.982 0.037 0.027
4 0.104 0.976 0.042 0.036
4 0.985 0.628 0.025 0.031
4 0.828 0.037 0.037 0.041
4 0.983 0.561 0.020 0.048
0 0.529 0.483 0.029 0.028
4 0.015 0.537 0.028 0.041
4 0.663 0.985 0.032 0.025
4 0.767 0.984 0.018 0.023
4 0.009 0.792 0.014 0.040
4 0.400 0.905 0.028 0.027
0 0.611 0.545 0.022 0.034
4 0.029 0.912 0.028 0.058
0 0.471 0.901 0.022 0.031
0 0.412 0.959 0.031 0.040
0 0.414 0.718 0.035 0.045
0 0.644 0.875 0.022 0.034
0 0.670 0.875 0.024 0.038
