4 0.965 0.222 0.053 0.062
4 0.101 0.094 0.042 0.052
4 0.059 0.021 0.041 0.041
1 0.147 0.788 0.044 0.056
4 0.069 0.967 0.036 0.060
1 0.424 0.815 0.046 0.061
0 0.299 0.908 0.021 0.041
4 0.101 0.056 0.037 0.058
4 0.976 0.252 0.028 0.046
0 0.538 0.406 0.038 0.038
4 0.984 0.653 0.029 0.048
1 0.229 0.785 0.053 0.059
1 0.264 0.814 0.047 0.054
4 0.091 0.972 0.042 0.051
4 0.137 0.977 0.027 0.036
4 0.961 0.688 0.047 0.052
1 0.045 0.862 0.044 0.054
4 0.062 0.039 0.036 0.067
1 0.112 0.454 0.030 0.051
1 0.349 0.464 0.044 0.066
4 0.047 0.977 0.037 0.041
4 0.112 0.972 0.036 0.042
1 0.726 0.500 0.037 0.067
0 0.388 0.847 0.026 0.031
4 0.141 0.973 0.048 0.044
0 0.620 0.546 0.026 0.043
0 0.416 0.537 0.041 0.067
0 0.821 0.712 0.025 0.058
0 0.463 0.881 0.039 0.046
0 0.410 0.958 0.021 0.033
0 0.417 0.718 0.029 0.041
0 0.643 0.879 0.024 0.037
0 0.673 0.875 0.025 0.041
