4 0.049 0.977 0.029 0.038
4 0.070 0.042 0.026 0.044
4 0.981 0.625 0.035 0.045
4 0.980 0.020 0.029 0.040
4 0.954 0.020 0.032 0.040
4 0.100 0.985 0.027 0.025
4 0.064 0.014 0.027 0.028
0 0.325 0.163 0.026 0.031
0 0.334 0.134 0.028 0.036
1 0.908 0.574 0.022 0.042
0 0.148 0.471 0.031 0.040
0 0.417 0.919 0.029 0.038
0 0.840 0.699 0.022 0.033
4 0.140 0.961 0.027 0.048
4 0.561 0.973 0.033 0.028
4 0.397 0.913 0.029 0.040
1 0.708 0.717 0.039 0.048
1 0.300 0.783 0.040 0.054
0 0.407 0.960 0.029 0.041
0 0.416 0.716 0.029 0.040
0 0.643 0.873 0.028 0.048
0 0.670 0.877 0.024 0.040
