0 0.886 0.462 0.021 0.046
0 0.472 0.614 0.025 0.033
0 0.383 0.520 0.016 0.029
0 0.548 0.633 0.028 0.046
4 0.755 0.981 0.043 0.033
0 0.271 0.249 0.044 0.043
0 0.497 0.866 0.025 0.051
4 0.009 0.309 0.019 0.035
0 0.893 0.490 0.032 0.048
0 0.414 0.711 0.027 0.036
0 0.115 0.248 0.036 0.048
0 0.302 0.929 0.022 0.034
0 0.342 0.902 0.021 0.042
0 0.378 0.901 0.026 0.031
4 0.013 0.381 0.020 0.046
1 0.066 0.301 0.032 0.029
4 0.010 0.841 0.020 0.041
4 0.033 0.984 0.028 0.023
0 0.518 0.235 0.024 0.038
0 0.410 0.958 0.027 0.038
0 0.405 0.693 0.028 0.025
