0 0.934 0.384 0.015 0.048
0 0.390 0.633 0.025 0.034
0 0.483 0.517 0.017 0.029
0 0.610 0.550 0.028 0.046
4 0.755 0.981 0.043 0.033
0 0.182 0.265 0.044 0.043
0 0.498 0.877 0.025 0.040
4 0.009 0.297 0.019 0.038
0 0.848 0.526 0.032 0.048
0 0.414 0.711 0.027 0.036
0 0.150 0.213 0.037 0.048
0 0.301 0.925 0.024 0.033
0 0.334 0.925 0.021 0.042
0 0.367 0.899 0.026 0.031
4 0.013 0.381 0.020 0.046
1 0.279 0.398 0.032 0.028
1 0.091 0.810 0.046 0.041
0 0.072 0.926 0.027 0.035
0 0.485 0.269 0.027 0.035
0 0.411 0.958 0.028 0.038
0 0.405 0.693 0.028 0.025
