4 0.145 0.972 0.035 0.033
0 0.244 0.477 0.019 0.021
1 0.626 0.746 0.027 0.051
1 0.264 0.525 0.062 0.056
0 0.412 0.889 0.020 0.025
4 0.020 0.906 0.022 0.038
4 0.084 0.980 0.041 0.031
0 0.179 0.602 0.027 0.036
0 0.169 0.628 0.028 0.028
4 0.969 0.559 0.034 0.051
4 0.963 0.252 0.037 0.046
0 0.040 0.460 0.037 0.051
0 0.023 0.329 0.034 0.046
4 0.967 0.602 0.044 0.054
1 0.343 0.419 0.035 0.031
0 0.240 0.500 0.027 0.027
0 0.767 0.785 0.021 0.029
0 0.557 0.629 0.020 0.033
0 0.408 0.898 0.020 0.028
0 0.412 0.960 0.031 0.038
0 0.414 0.718 0.037 0.045
0 0.644 0.875 0.025 0.036
0 0.673 0.875 0.029 0.038
