4 0.965 0.222 0.053 0.062
4 0.101 0.094 0.042 0.052
4 0.059 0.021 0.041 0.041
4 0.019 0.832 0.039 0.057
4 0.069 0.967 0.036 0.060
1 0.677 0.764 0.046 0.062
4 0.021 0.935 0.021 0.041
4 0.101 0.056 0.037 0.058
4 0.976 0.252 0.028 0.046
0 0.617 0.391 0.037 0.038
4 0.984 0.653 0.029 0.048
4 0.022 0.831 0.044 0.059
4 0.022 0.885 0.044 0.054
4 0.091 0.972 0.042 0.051
4 0.137 0.979 0.027 0.033
4 0.961 0.688 0.047 0.052
4 0.022 0.873 0.044 0.054
4 0.062 0.039 0.036 0.067
1 0.093 0.150 0.031 0.050
1 0.073 0.231 0.043 0.066
4 0.047 0.977 0.037 0.041
4 0.112 0.977 0.036 0.038
4 0.140 0.973 0.033 0.048
1 0.663 0.773 0.055 0.067
1 0.441 0.416 0.036 0.066
1 0.622 0.389 0.036 0.054
0 0.357 0.891 0.027 0.031
4 0.093 0.915 0.041 0.077
1 0.150 0.957 0.049 0.061
0 0.687 0.523 0.027 0.043
0 0.500 0.516 0.040 0.067
4 0.052 0.964 0.047 0.033
0 0.908 0.685 0.025 0.058
0 0.448 0.898 0.039 0.045
4 0.974 0.560 0.035 0.058
0 0.409 0.960 0.020 0.028
0 0.418 0.718 0.028 0.041
0 0.643 0.880 0.024 0.040
0 0.674 0.875 0.027 0.041
