4 0.143 0.972 0.036 0.033
0 0.276 0.475 0.020 0.021
1 0.613 0.709 0.027 0.052
1 0.243 0.534 0.062 0.057
0 0.427 0.892 0.022 0.023
4 0.020 0.906 0.022 0.038
4 0.086 0.979 0.041 0.033
0 0.181 0.602 0.026 0.034
0 0.172 0.625 0.028 0.027
4 0.975 0.559 0.034 0.051
4 0.963 0.252 0.037 0.046
0 0.040 0.501 0.037 0.061
0 0.037 0.304 0.034 0.045
4 0.967 0.602 0.044 0.054
1 0.436 0.450 0.034 0.031
0 0.266 0.503 0.028 0.028
0 0.764 0.823 0.018 0.029
0 0.575 0.604 0.021 0.033
0 0.414 0.902 0.020 0.029
0 0.412 0.960 0.031 0.038
0 0.414 0.718 0.037 0.045
0 0.644 0.875 0.025 0.036
0 0.673 0.875 0.029 0.038
