1 0.372 0.831 0.022 0.029
1 0.515 0.472 0.025 0.061
4 0.882 0.050 0.034 0.042
0 0.846 0.310 0.035 0.038
0 0.923 0.256 0.041 0.046
4 0.992 0.283 0.014 0.050
1 0.461 0.756 0.034 0.031
1 0.228 0.794 0.028 0.044
4 0.983 0.537 0.031 0.041
0 0.281 0.523 0.029 0.051
0 0.080 0.704 0.025 0.033
4 0.630 0.973 0.022 0.044
1 0.330 0.523 0.036 0.071
0 0.362 0.895 0.022 0.029
4 0.081 0.981 0.040 0.029
0 0.218 0.531 0.042 0.041
0 0.184 0.586 0.033 0.043
0 0.029 0.088 0.037 0.035
4 0.050 0.030 0.033 0.043
0 0.063 0.700 0.018 0.031
4 0.967 0.680 0.032 0.027
0 0.449 0.883 0.032 0.038
0 0.440 0.925 0.025 0.029
0 0.415 0.714 0.028 0.033
0 0.645 0.878 0.027 0.035
0 0.673 0.875 0.028 0.040
