4 0.085 0.077 0.027 0.041
1 0.915 0.659 0.047 0.040
0 0.574 0.445 0.022 0.041
1 0.277 0.378 0.041 0.064
4 0.124 0.983 0.048 0.028
4 0.987 0.568 0.021 0.041
1 0.108 0.684 0.036 0.056
0 0.416 0.912 0.031 0.046
4 0.051 0.011 0.022 0.022
0 0.057 0.732 0.027 0.040
0 0.066 0.761 0.027 0.035
1 0.065 0.544 0.039 0.048
1 0.139 0.518 0.047 0.046
4 0.068 0.984 0.022 0.027
4 0.147 0.102 0.035 0.051
4 0.403 0.942 0.038 0.028
4 0.105 0.972 0.041 0.037
4 0.985 0.619 0.025 0.040
0 0.852 0.031 0.038 0.034
4 0.987 0.561 0.018 0.048
0 0.609 0.468 0.036 0.038
4 0.013 0.537 0.026 0.041
4 0.663 0.983 0.032 0.028
4 0.758 0.982 0.022 0.027
4 0.011 0.792 0.017 0.040
4 0.398 0.907 0.028 0.027
0 0.610 0.546 0.025 0.036
4 0.029 0.912 0.028 0.058
0 0.449 0.912 0.032 0.041
0 0.412 0.958 0.031 0.041
0 0.414 0.718 0.035 0.045
0 0.644 0.875 0.022 0.034
0 0.671 0.875 0.025 0.040
