0 0.916 0.418 0.017 0.046
0 0.426 0.625 0.025 0.034
0 0.436 0.517 0.016 0.029
0 0.590 0.583 0.028 0.046
4 0.755 0.981 0.043 0.033
0 0.222 0.250 0.045 0.043
0 0.498 0.872 0.023 0.046
4 0.009 0.303 0.019 0.036
0 0.878 0.493 0.032 0.048
0 0.414 0.711 0.027 0.036
0 0.134 0.223 0.036 0.048
0 0.301 0.926 0.022 0.033
0 0.338 0.912 0.021 0.041
0 0.373 0.899 0.026 0.031
4 0.013 0.381 0.020 0.046
1 0.171 0.362 0.032 0.029
4 0.010 0.841 0.020 0.041
0 0.046 0.957 0.028 0.035
0 0.499 0.256 0.023 0.038
0 0.410 0.958 0.027 0.038
0 0.405 0.693 0.028 0.025
