1 0.086 0.139 0.027 0.041
1 0.707 0.739 0.047 0.040
0 0.569 0.454 0.022 0.041
1 0.318 0.432 0.040 0.064
4 0.124 0.983 0.048 0.028
4 0.987 0.568 0.021 0.041
1 0.125 0.630 0.036 0.056
0 0.421 0.912 0.031 0.046
1 0.055 0.144 0.022 0.044
0 0.084 0.694 0.028 0.040
0 0.098 0.722 0.028 0.035
1 0.078 0.713 0.039 0.048
1 0.290 0.352 0.047 0.046
4 0.068 0.984 0.022 0.027
4 0.147 0.102 0.035 0.051
0 0.420 0.955 0.037 0.028
4 0.104 0.975 0.042 0.038
4 0.985 0.624 0.025 0.036
4 0.828 0.018 0.037 0.037
4 0.985 0.561 0.020 0.048
0 0.579 0.485 0.036 0.038
4 0.014 0.537 0.027 0.041
4 0.663 0.984 0.032 0.027
4 0.763 0.983 0.021 0.025
4 0.010 0.792 0.015 0.040
4 0.400 0.905 0.028 0.027
0 0.610 0.546 0.024 0.036
4 0.029 0.912 0.028 0.058
0 0.468 0.912 0.032 0.041
0 0.412 0.958 0.031 0.041
0 0.414 0.718 0.035 0.045
0 0.644 0.875 0.022 0.034
0 0.670 0.875 0.024 0.038
