4 0.086 0.049 0.031 0.064
1 0.042 0.049 0.047 0.061
4 0.039 0.977 0.044 0.040
1 0.103 0.942 0.035 0.054
1 0.136 0.936 0.033 0.048
1 0.779 0.695 0.056 0.067
1 0.299 0.378 0.046 0.064
1 0.659 0.389 0.037 0.054
0 0.353 0.881 0.020 0.038
4 0.093 0.921 0.041 0.073
1 0.204 0.882 0.067 0.049
0 0.721 0.522 0.038 0.052
0 0.535 0.510 0.024 0.046
4 0.041 0.962 0.044 0.033
0 0.949 0.683 0.032 0.053
0 0.416 0.902 0.027 0.029
4 0.974 0.560 0.035 0.058
0 0.409 0.959 0.022 0.031
0 0.417 0.716 0.029 0.041
0 0.643 0.879 0.024 0.037
0 0.673 0.875 0.027 0.041
