1 0.098 0.352 0.027 0.041
1 0.523 0.836 0.048 0.040
0 0.535 0.464 0.021 0.037
1 0.350 0.478 0.041 0.064
4 0.124 0.983 0.048 0.028
4 0.987 0.568 0.021 0.041
1 0.131 0.607 0.051 0.056
0 0.388 0.899 0.029 0.041
1 0.059 0.356 0.026 0.046
0 0.110 0.662 0.028 0.038
0 0.118 0.689 0.027 0.033
1 0.169 0.771 0.039 0.048
1 0.490 0.360 0.047 0.046
0 0.073 0.954 0.023 0.051
0 0.184 0.095 0.034 0.048
4 0.429 0.982 0.037 0.027
4 0.104 0.976 0.042 0.036
4 0.985 0.627 0.025 0.033
4 0.828 0.031 0.037 0.041
4 0.983 0.561 0.020 0.048
0 0.543 0.487 0.034 0.033
4 0.015 0.537 0.028 0.041
4 0.663 0.985 0.032 0.025
4 0.765 0.984 0.018 0.023
4 0.009 0.792 0.014 0.040
4 0.400 0.905 0.028 0.027
0 0.611 0.545 0.022 0.034
4 0.029 0.912 0.028 0.058
0 0.480 0.903 0.029 0.040
0 0.412 0.959 0.031 0.040
0 0.414 0.718 0.035 0.045
0 0.644 0.875 0.022 0.034
0 0.670 0.875 0.024 0.038
