1 0.476 0.820 0.020 0.028
1 0.405 0.449 0.025 0.061
4 0.882 0.050 0.034 0.042
0 0.880 0.283 0.034 0.038
0 0.969 0.252 0.042 0.046
4 0.992 0.283 0.014 0.050
1 0.354 0.776 0.034 0.031
1 0.134 0.822 0.027 0.044
4 0.983 0.537 0.031 0.041
0 0.274 0.525 0.029 0.050
0 0.100 0.664 0.025 0.034
4 0.630 0.973 0.022 0.044
1 0.334 0.518 0.037 0.071
0 0.343 0.900 0.021 0.029
4 0.081 0.981 0.040 0.029
0 0.205 0.558 0.041 0.042
0 0.172 0.619 0.033 0.044
0 0.027 0.138 0.037 0.036
4 0.050 0.028 0.033 0.044
0 0.085 0.676 0.018 0.031
0 0.956 0.680 0.032 0.027
0 0.448 0.881 0.032 0.038
0 0.425 0.912 0.025 0.029
0 0.414 0.715 0.029 0.035
0 0.645 0.878 0.027 0.035
0 0.673 0.875 0.028 0.040
