1 0.554 0.804 0.019 0.028
1 0.308 0.419 0.025 0.061
4 0.882 0.050 0.034 0.042
0 0.907 0.258 0.035 0.038
4 0.978 0.254 0.038 0.046
4 0.992 0.283 0.014 0.050
1 0.279 0.805 0.034 0.031
1 0.057 0.847 0.027 0.044
4 0.983 0.537 0.031 0.041
0 0.255 0.535 0.029 0.050
0 0.112 0.635 0.025 0.033
4 0.630 0.975 0.022 0.041
1 0.338 0.523 0.037 0.071
0 0.324 0.903 0.020 0.029
4 0.081 0.981 0.040 0.029
0 0.197 0.566 0.041 0.042
0 0.166 0.636 0.034 0.044
0 0.026 0.171 0.037 0.036
4 0.050 0.026 0.033 0.044
0 0.103 0.657 0.018 0.031
0 0.935 0.686 0.032 0.027
0 0.448 0.870 0.032 0.037
0 0.407 0.902 0.025 0.029
0 0.414 0.715 0.029 0.035
0 0.645 0.878 0.027 0.035
0 0.673 0.875 0.029 0.040
