4 0.086 0.049 0.031 0.064
4 0.041 0.027 0.047 0.053
1 0.091 0.939 0.048 0.038
1 0.095 0.818 0.035 0.054
1 0.134 0.794 0.033 0.048
1 0.951 0.643 0.055 0.066
1 0.163 0.257 0.046 0.065
1 0.711 0.368 0.037 0.054
0 0.355 0.862 0.020 0.037
4 0.093 0.932 0.041 0.069
1 0.285 0.843 0.068 0.045
0 0.766 0.511 0.037 0.051
0 0.582 0.487 0.024 0.046
4 0.027 0.960 0.041 0.034
4 0.978 0.687 0.034 0.054
0 0.380 0.900 0.026 0.029
4 0.974 0.560 0.035 0.058
0 0.410 0.959 0.024 0.031
0 0.417 0.716 0.029 0.041
0 0.643 0.879 0.024 0.037
0 0.673 0.875 0.027 0.041
