0 0.124 0.913 0.032 0.040
1 0.084 0.211 0.027 0.043
4 0.981 0.625 0.035 0.045
4 0.925 0.098 0.029 0.044
4 0.929 0.040 0.032 0.052
1 0.645 0.717 0.027 0.036
1 0.097 0.972 0.028 0.033
4 0.152 0.112 0.031 0.033
4 0.164 0.105 0.031 0.035
4 0.988 0.562 0.018 0.034
4 0.143 0.119 0.034 0.044
0 0.250 0.916 0.034 0.042
4 0.975 0.685 0.029 0.046
0 0.346 0.903 0.029 0.040
4 0.145 0.972 0.025 0.042
4 0.978 0.559 0.034 0.051
0 0.412 0.960 0.038 0.041
0 0.415 0.714 0.034 0.046
0 0.644 0.875 0.025 0.038
0 0.671 0.878 0.028 0.035
