4 0.049 0.977 0.029 0.038
4 0.070 0.042 0.026 0.044
4 0.981 0.625 0.035 0.045
4 0.980 0.020 0.029 0.040
4 0.954 0.020 0.032 0.040
4 0.100 0.985 0.027 0.025
4 0.064 0.014 0.027 0.028
0 0.304 0.150 0.030 0.033
0 0.315 0.119 0.030 0.035
1 0.988 0.562 0.021 0.034
0 0.147 0.430 0.034 0.043
0 0.429 0.925 0.034 0.042
0 0.867 0.690 0.023 0.035
4 0.399 0.913 0.029 0.040
1 0.640 0.762 0.025 0.042
1 0.392 0.757 0.032 0.049
0 0.407 0.960 0.029 0.041
0 0.416 0.715 0.032 0.044
0 0.643 0.873 0.028 0.048
0 0.669 0.878 0.025 0.035
