0 0.897 0.451 0.021 0.046
0 0.455 0.619 0.025 0.033
0 0.402 0.518 0.017 0.029
0 0.562 0.616 0.027 0.045
4 0.755 0.981 0.043 0.033
0 0.254 0.249 0.044 0.043
0 0.497 0.869 0.025 0.046
4 0.009 0.307 0.019 0.035
0 0.895 0.484 0.032 0.049
0 0.414 0.711 0.027 0.036
0 0.123 0.244 0.036 0.048
0 0.302 0.926 0.023 0.033
0 0.341 0.904 0.021 0.041
0 0.377 0.901 0.026 0.031
4 0.013 0.381 0.020 0.046
1 0.096 0.331 0.032 0.029
4 0.010 0.841 0.020 0.041
0 0.033 0.982 0.028 0.027
0 0.512 0.241 0.023 0.038
0 0.410 0.958 0.027 0.038
0 0.405 0.693 0.028 0.025
