4 0.086 0.049 0.031 0.064
4 0.041 0.027 0.047 0.053
1 0.507 0.771 0.047 0.038
1 0.078 0.352 0.034 0.054
1 0.120 0.345 0.033 0.048
4 0.971 0.637 0.055 0.066
4 0.099 0.113 0.046 0.064
1 0.831 0.302 0.037 0.054
0 0.326 0.856 0.020 0.038
4 0.095 0.958 0.041 0.059
1 0.535 0.791 0.068 0.046
0 0.857 0.442 0.037 0.054
0 0.681 0.358 0.023 0.046
0 0.122 0.968 0.047 0.034
4 0.978 0.687 0.034 0.054
0 0.318 0.902 0.026 0.029
4 0.974 0.560 0.035 0.058
0 0.412 0.959 0.032 0.036
0 0.416 0.715 0.032 0.044
0 0.643 0.877 0.024 0.033
0 0.672 0.875 0.028 0.040
