0 0.930 0.394 0.015 0.048
0 0.401 0.631 0.025 0.033
0 0.469 0.517 0.017 0.029
0 0.605 0.560 0.028 0.046
4 0.755 0.981 0.043 0.033
0 0.194 0.261 0.044 0.044
0 0.498 0.876 0.025 0.041
4 0.009 0.300 0.019 0.037
0 0.857 0.515 0.032 0.049
0 0.414 0.711 0.027 0.036
0 0.145 0.215 0.037 0.048
0 0.301 0.926 0.024 0.031
0 0.335 0.920 0.021 0.041
0 0.368 0.899 0.026 0.031
4 0.013 0.381 0.020 0.046
1 0.246 0.387 0.032 0.029
1 0.064 0.818 0.041 0.041
0 0.064 0.934 0.027 0.035
0 0.488 0.266 0.025 0.038
0 0.411 0.958 0.028 0.038
0 0.405 0.693 0.028 0.025
