1 0.102 0.773 0.044 0.040
0 0.472 0.470 0.020 0.031
1 0.402 0.571 0.028 0.052
1 0.131 0.578 0.062 0.056
0 0.362 0.892 0.022 0.023
0 0.160 0.920 0.021 0.036
1 0.085 0.737 0.041 0.042
0 0.149 0.629 0.027 0.033
0 0.152 0.657 0.027 0.027
1 0.424 0.768 0.032 0.050
1 0.854 0.281 0.037 0.045
0 0.045 0.821 0.036 0.062
0 0.216 0.096 0.034 0.046
1 0.123 0.901 0.041 0.051
4 0.985 0.630 0.024 0.031
0 0.471 0.496 0.028 0.028
4 0.768 0.985 0.018 0.021
0 0.612 0.545 0.021 0.034
0 0.451 0.885 0.020 0.029
0 0.412 0.960 0.031 0.038
0 0.414 0.718 0.035 0.045
0 0.643 0.875 0.024 0.034
0 0.670 0.875 0.024 0.038
