4 0.953 0.229 0.053 0.062
4 0.101 0.094 0.042 0.052
4 0.059 0.021 0.041 0.041
1 0.361 0.769 0.043 0.057
4 0.069 0.967 0.036 0.060
1 0.250 0.857 0.046 0.061
0 0.325 0.914 0.021 0.041
4 0.101 0.056 0.037 0.058
4 0.985 0.254 0.028 0.046
0 0.477 0.415 0.038 0.040
4 0.984 0.653 0.029 0.048
1 0.448 0.760 0.053 0.059
1 0.486 0.777 0.047 0.053
4 0.091 0.972 0.042 0.051
4 0.137 0.976 0.027 0.040
4 0.961 0.688 0.047 0.052
1 0.248 0.797 0.044 0.054
4 0.062 0.039 0.036 0.067
1 0.120 0.687 0.030 0.051
1 0.637 0.518 0.043 0.066
4 0.047 0.977 0.037 0.041
4 0.112 0.971 0.036 0.046
1 0.975 0.531 0.038 0.067
0 0.368 0.868 0.026 0.031
4 0.142 0.971 0.048 0.046
0 0.610 0.548 0.028 0.046
0 0.360 0.583 0.040 0.066
0 0.759 0.793 0.025 0.059
0 0.461 0.887 0.039 0.046
0 0.411 0.958 0.022 0.038
0 0.416 0.718 0.031 0.041
0 0.643 0.878 0.024 0.035
0 0.673 0.875 0.025 0.041
