1 0.104 0.557 0.043 0.040
0 0.513 0.465 0.020 0.031
1 0.372 0.528 0.027 0.051
1 0.134 0.597 0.062 0.057
0 0.362 0.900 0.022 0.023
0 0.343 0.863 0.021 0.035
1 0.071 0.541 0.040 0.042
0 0.135 0.637 0.026 0.033
0 0.139 0.661 0.027 0.028
1 0.284 0.789 0.032 0.051
1 0.659 0.339 0.037 0.046
0 0.059 0.895 0.036 0.062
0 0.216 0.083 0.034 0.046
4 0.104 0.977 0.042 0.036
4 0.985 0.630 0.024 0.031
0 0.512 0.486 0.027 0.028
4 0.768 0.985 0.018 0.021
0 0.612 0.545 0.021 0.034
0 0.451 0.906 0.020 0.028
0 0.412 0.960 0.031 0.038
0 0.414 0.718 0.035 0.045
0 0.643 0.875 0.024 0.034
0 0.670 0.875 0.024 0.038
