0 0.853 0.497 0.021 0.046
0 0.520 0.604 0.025 0.033
0 0.326 0.527 0.017 0.029
0 0.507 0.679 0.027 0.045
4 0.755 0.981 0.043 0.033
0 0.321 0.249 0.044 0.043
0 0.490 0.843 0.025 0.051
4 0.009 0.315 0.018 0.035
0 0.882 0.511 0.032 0.048
0 0.414 0.711 0.027 0.036
0 0.093 0.265 0.037 0.049
0 0.303 0.929 0.023 0.034
0 0.346 0.896 0.021 0.041
0 0.388 0.901 0.026 0.031
4 0.013 0.381 0.020 0.046
4 0.009 0.221 0.018 0.029
4 0.010 0.841 0.020 0.041
4 0.033 0.984 0.028 0.023
0 0.534 0.210 0.024 0.038
0 0.410 0.958 0.027 0.038
0 0.405 0.693 0.028 0.025
