4 0.139 0.972 0.039 0.035
0 0.332 0.478 0.018 0.018
1 0.568 0.644 0.027 0.051
1 0.198 0.538 0.062 0.056
0 0.414 0.909 0.022 0.023
4 0.020 0.906 0.022 0.038
4 0.092 0.977 0.041 0.036
0 0.174 0.604 0.027 0.033
0 0.179 0.630 0.026 0.028
1 0.898 0.564 0.034 0.050
4 0.963 0.252 0.037 0.046
0 0.040 0.583 0.037 0.062
0 0.098 0.250 0.034 0.045
1 0.776 0.640 0.042 0.052
1 0.637 0.488 0.034 0.031
0 0.325 0.507 0.027 0.027
0 0.768 0.902 0.018 0.029
0 0.609 0.550 0.021 0.033
0 0.393 0.906 0.020 0.028
0 0.412 0.960 0.031 0.038
0 0.414 0.718 0.037 0.045
0 0.644 0.875 0.025 0.036
0 0.672 0.875 0.028 0.038
