0 0.836 0.306 0.031 0.062
4 0.101 0.094 0.042 0.052
1 0.088 0.385 0.031 0.046
1 0.968 0.576 0.044 0.056
1 0.411 0.767 0.037 0.073
4 0.160 0.963 0.046 0.056
0 0.339 0.898 0.021 0.041
1 0.186 0.292 0.037 0.061
0 0.840 0.326 0.028 0.046
0 0.288 0.469 0.032 0.040
4 0.984 0.653 0.029 0.048
4 0.957 0.558 0.053 0.059
4 0.971 0.602 0.049 0.054
1 0.231 0.843 0.041 0.054
4 0.137 0.972 0.027 0.046
0 0.877 0.693 0.046 0.051
1 0.866 0.587 0.044 0.054
4 0.062 0.039 0.036 0.067
4 0.146 0.964 0.029 0.050
4 0.968 0.573 0.044 0.066
4 0.047 0.977 0.037 0.041
4 0.112 0.964 0.036 0.059
4 0.975 0.531 0.038 0.067
0 0.402 0.891 0.027 0.031
4 0.148 0.959 0.048 0.056
0 0.607 0.549 0.032 0.044
0 0.178 0.667 0.051 0.064
4 0.749 0.960 0.023 0.058
0 0.440 0.889 0.039 0.046
0 0.412 0.956 0.025 0.046
0 0.415 0.718 0.037 0.041
0 0.644 0.877 0.022 0.033
0 0.673 0.876 0.025 0.041
