4 0.086 0.049 0.031 0.064
4 0.041 0.027 0.047 0.053
4 0.980 0.633 0.038 0.038
4 0.057 0.027 0.034 0.053
4 0.091 0.101 0.034 0.049
4 0.971 0.637 0.055 0.066
4 0.099 0.113 0.046 0.064
4 0.980 0.256 0.037 0.054
0 0.259 0.920 0.019 0.038
1 0.079 0.591 0.041 0.079
1 0.954 0.620 0.058 0.046
0 0.881 0.210 0.037 0.054
0 0.811 0.153 0.023 0.046
4 0.982 0.553 0.029 0.036
4 0.098 0.977 0.028 0.034
4 0.152 0.112 0.031 0.033
4 0.173 0.101 0.030 0.036
4 0.989 0.563 0.017 0.036
4 0.143 0.119 0.034 0.044
0 0.161 0.824 0.048 0.033
4 0.978 0.687 0.034 0.054
0 0.334 0.906 0.025 0.028
4 0.145 0.972 0.025 0.042
4 0.974 0.560 0.035 0.058
0 0.415 0.961 0.042 0.040
0 0.415 0.714 0.034 0.046
0 0.645 0.876 0.024 0.031
0 0.671 0.878 0.029 0.035
