0 0.846 0.504 0.021 0.046
0 0.527 0.602 0.025 0.034
0 0.316 0.527 0.016 0.029
0 0.500 0.685 0.027 0.046
4 0.755 0.981 0.043 0.033
0 0.329 0.249 0.044 0.043
0 0.487 0.837 0.025 0.050
4 0.009 0.316 0.018 0.037
0 0.877 0.513 0.032 0.048
0 0.414 0.711 0.027 0.036
0 0.088 0.269 0.037 0.048
0 0.304 0.930 0.022 0.036
0 0.346 0.896 0.021 0.041
0 0.389 0.901 0.027 0.031
4 0.013 0.381 0.020 0.046
4 0.008 0.210 0.016 0.028
4 0.010 0.841 0.020 0.041
4 0.033 0.984 0.028 0.023
0 0.535 0.206 0.024 0.037
0 0.409 0.959 0.027 0.040
0 0.405 0.693 0.028 0.025
