4 0.052 0.977 0.029 0.038
4 0.070 0.042 0.026 0.044
4 0.981 0.625 0.035 0.045
4 0.980 0.020 0.029 0.040
4 0.954 0.020 0.032 0.040
4 0.100 0.985 0.027 0.025
1 0.073 0.099 0.027 0.033
0 0.233 0.129 0.031 0.033
0 0.240 0.109 0.030 0.036
4 0.987 0.562 0.020 0.034
0 0.147 0.315 0.034 0.044
0 0.416 0.896 0.035 0.041
0 0.948 0.684 0.023 0.035
0 0.400 0.913 0.029 0.040
1 0.414 0.820 0.025 0.041
1 0.675 0.688 0.032 0.048
0 0.408 0.960 0.031 0.041
0 0.416 0.715 0.032 0.044
0 0.643 0.873 0.028 0.048
0 0.669 0.878 0.025 0.035
