0 0.054 0.944 0.032 0.040
4 0.070 0.042 0.026 0.044
4 0.981 0.625 0.035 0.045
4 0.980 0.020 0.029 0.040
4 0.954 0.020 0.032 0.040
1 0.137 0.890 0.026 0.036
1 0.079 0.295 0.028 0.034
0 0.184 0.112 0.030 0.033
0 0.204 0.102 0.031 0.036
4 0.987 0.562 0.020 0.034
0 0.142 0.255 0.033 0.044
0 0.389 0.896 0.034 0.041
4 0.973 0.683 0.025 0.037
0 0.413 0.905 0.029 0.040
1 0.280 0.837 0.025 0.041
1 0.836 0.609 0.032 0.049
0 0.409 0.960 0.032 0.041
0 0.416 0.715 0.032 0.044
0 0.643 0.874 0.028 0.043
0 0.669 0.878 0.025 0.035
