4 0.965 0.222 0.053 0.062
4 0.101 0.094 0.042 0.052
4 0.059 0.021 0.041 0.041
4 0.019 0.832 0.039 0.057
4 0.069 0.967 0.036 0.060
1 0.728 0.722 0.046 0.062
4 0.291 0.899 0.021 0.041
4 0.101 0.056 0.037 0.058
4 0.976 0.252 0.028 0.046
0 0.637 0.387 0.037 0.038
4 0.984 0.653 0.029 0.048
4 0.022 0.831 0.044 0.059
4 0.022 0.885 0.044 0.054
4 0.091 0.972 0.042 0.051
1 0.137 0.976 0.027 0.040
4 0.961 0.688 0.047 0.052
4 0.022 0.873 0.044 0.054
4 0.062 0.039 0.036 0.067
4 0.088 0.084 0.032 0.064
1 0.054 0.130 0.046 0.069
4 0.042 0.977 0.041 0.041
4 0.106 0.971 0.035 0.050
4 0.137 0.970 0.033 0.048
1 0.726 0.727 0.055 0.067
1 0.362 0.394 0.041 0.064
1 0.643 0.389 0.036 0.054
0 0.354 0.887 0.020 0.038
4 0.093 0.918 0.041 0.075
1 0.180 0.914 0.058 0.054
0 0.706 0.523 0.035 0.051
0 0.519 0.512 0.031 0.054
4 0.046 0.962 0.046 0.033
0 0.930 0.684 0.027 0.056
0 0.430 0.898 0.030 0.036
4 0.974 0.560 0.035 0.058
0 0.409 0.959 0.021 0.031
0 0.417 0.716 0.029 0.041
0 0.643 0.879 0.024 0.037
0 0.673 0.875 0.027 0.041
