1 0.520 0.812 0.020 0.028
1 0.346 0.432 0.025 0.061
4 0.882 0.050 0.034 0.042
0 0.895 0.268 0.035 0.037
4 0.979 0.254 0.039 0.046
4 0.992 0.283 0.014 0.050
1 0.307 0.786 0.033 0.031
1 0.090 0.836 0.028 0.043
4 0.983 0.537 0.031 0.041
0 0.263 0.531 0.029 0.051
0 0.110 0.648 0.025 0.034
4 0.630 0.975 0.022 0.041
1 0.340 0.521 0.037 0.071
0 0.333 0.902 0.020 0.029
4 0.081 0.981 0.040 0.029
0 0.200 0.562 0.041 0.041
0 0.168 0.632 0.034 0.043
0 0.027 0.159 0.037 0.035
4 0.050 0.026 0.033 0.044
0 0.095 0.665 0.018 0.031
0 0.943 0.684 0.032 0.028
0 0.448 0.876 0.032 0.038
0 0.414 0.906 0.025 0.028
0 0.414 0.715 0.029 0.035
0 0.645 0.878 0.027 0.035
0 0.673 0.875 0.028 0.040
