4 0.085 0.077 0.027 0.041
1 0.972 0.657 0.039 0.040
0 0.577 0.445 0.022 0.041
1 0.264 0.367 0.040 0.065
4 0.124 0.983 0.048 0.028
4 0.987 0.568 0.021 0.041
1 0.100 0.694 0.037 0.056
0 0.416 0.915 0.031 0.046
4 0.051 0.011 0.022 0.022
0 0.048 0.742 0.028 0.040
0 0.058 0.772 0.027 0.036
1 0.078 0.480 0.039 0.048
1 0.120 0.574 0.047 0.046
4 0.068 0.984 0.022 0.027
4 0.147 0.102 0.035 0.051
4 0.403 0.942 0.038 0.028
4 0.105 0.972 0.041 0.037
4 0.985 0.617 0.025 0.040
0 0.867 0.037 0.037 0.033
4 0.987 0.561 0.018 0.048
0 0.616 0.462 0.036 0.038
4 0.012 0.537 0.025 0.041
4 0.663 0.983 0.032 0.028
4 0.757 0.982 0.023 0.027
4 0.011 0.792 0.018 0.040
4 0.398 0.907 0.028 0.027
0 0.610 0.547 0.025 0.038
4 0.029 0.912 0.028 0.058
0 0.446 0.914 0.032 0.041
0 0.412 0.958 0.031 0.041
0 0.414 0.718 0.035 0.045
0 0.644 0.875 0.022 0.034
0 0.671 0.875 0.025 0.040
