4 0.086 0.049 0.031 0.064
4 0.041 0.027 0.047 0.053
1 0.115 0.922 0.047 0.038
1 0.095 0.794 0.035 0.054
1 0.133 0.767 0.033 0.048
4 0.968 0.639 0.056 0.067
1 0.148 0.228 0.046 0.064
1 0.719 0.364 0.037 0.054
0 0.355 0.860 0.020 0.038
4 0.093 0.934 0.041 0.069
1 0.299 0.839 0.068 0.046
0 0.774 0.508 0.038 0.054
0 0.589 0.479 0.024 0.046
4 0.024 0.960 0.041 0.034
4 0.978 0.687 0.034 0.054
0 0.374 0.900 0.026 0.029
4 0.974 0.560 0.035 0.058
0 0.410 0.959 0.024 0.031
0 0.417 0.716 0.029 0.041
0 0.643 0.879 0.024 0.037
0 0.673 0.875 0.027 0.041
