4 0.085 0.077 0.027 0.041
4 0.989 0.656 0.020 0.038
0 0.651 0.416 0.022 0.042
1 0.186 0.307 0.040 0.064
4 0.124 0.983 0.048 0.028
4 0.987 0.568 0.021 0.041
1 0.055 0.753 0.036 0.057
0 0.395 0.903 0.031 0.046
4 0.051 0.011 0.022 0.022
0 0.008 0.788 0.016 0.040
0 0.007 0.828 0.015 0.036
1 0.078 0.174 0.039 0.048
1 0.027 0.846 0.031 0.046
4 0.068 0.984 0.022 0.027
4 0.147 0.102 0.035 0.051
4 0.403 0.942 0.038 0.028
4 0.105 0.969 0.039 0.040
4 0.985 0.612 0.025 0.046
4 0.892 0.056 0.037 0.033
1 0.923 0.541 0.025 0.046
0 0.672 0.447 0.036 0.038
0 0.048 0.510 0.025 0.042
1 0.659 0.849 0.032 0.029
0 0.755 0.952 0.025 0.028
4 0.012 0.792 0.020 0.040
4 0.397 0.909 0.028 0.028
0 0.609 0.548 0.029 0.040
0 0.080 0.850 0.028 0.058
0 0.422 0.912 0.032 0.041
0 0.413 0.956 0.029 0.046
0 0.415 0.718 0.037 0.045
0 0.644 0.875 0.022 0.034
0 0.671 0.875 0.024 0.040
