4 0.049 0.977 0.029 0.038
4 0.070 0.042 0.026 0.044
4 0.981 0.625 0.035 0.045
4 0.980 0.020 0.029 0.040
4 0.954 0.020 0.032 0.040
4 0.100 0.985 0.027 0.025
4 0.064 0.014 0.027 0.028
0 0.308 0.152 0.030 0.033
0 0.316 0.124 0.030 0.036
1 0.985 0.564 0.021 0.033
0 0.147 0.436 0.034 0.043
0 0.429 0.927 0.034 0.041
0 0.864 0.692 0.023 0.035
4 0.142 0.961 0.027 0.048
4 0.562 0.973 0.033 0.028
4 0.399 0.913 0.029 0.040
1 0.652 0.756 0.025 0.041
1 0.375 0.759 0.032 0.048
0 0.407 0.960 0.029 0.041
0 0.416 0.716 0.031 0.041
0 0.643 0.875 0.028 0.051
0 0.670 0.879 0.024 0.037
