4 0.086 0.049 0.031 0.064
4 0.041 0.027 0.047 0.053
1 0.767 0.687 0.047 0.038
1 0.061 0.047 0.034 0.054
4 0.091 0.101 0.034 0.049
4 0.971 0.637 0.055 0.066
4 0.099 0.113 0.046 0.064
1 0.900 0.260 0.037 0.054
0 0.300 0.860 0.020 0.038
1 0.093 0.923 0.041 0.073
1 0.684 0.731 0.068 0.046
0 0.871 0.356 0.037 0.054
0 0.724 0.273 0.024 0.045
0 0.132 0.910 0.047 0.033
4 0.978 0.687 0.034 0.054
0 0.341 0.903 0.025 0.029
4 0.974 0.560 0.035 0.058
0 0.413 0.960 0.035 0.038
0 0.416 0.714 0.032 0.046
0 0.643 0.877 0.024 0.033
0 0.671 0.876 0.029 0.038
