4 0.965 0.222 0.053 0.062
4 0.101 0.094 0.042 0.052
4 0.059 0.021 0.041 0.041
1 0.188 0.778 0.043 0.056
4 0.069 0.967 0.036 0.060
1 0.392 0.824 0.046 0.061
0 0.309 0.910 0.020 0.042
4 0.101 0.056 0.037 0.058
4 0.976 0.252 0.028 0.046
0 0.527 0.408 0.038 0.038
4 0.984 0.653 0.029 0.048
1 0.272 0.781 0.053 0.058
1 0.305 0.806 0.047 0.054
4 0.091 0.972 0.042 0.051
4 0.137 0.977 0.027 0.038
4 0.961 0.688 0.047 0.052
1 0.082 0.845 0.044 0.054
4 0.062 0.039 0.036 0.067
1 0.113 0.497 0.030 0.050
1 0.400 0.475 0.044 0.067
4 0.047 0.977 0.037 0.041
4 0.112 0.972 0.036 0.042
1 0.770 0.508 0.037 0.067
0 0.382 0.848 0.026 0.031
4 0.141 0.973 0.048 0.044
0 0.617 0.546 0.026 0.043
0 0.403 0.539 0.041 0.067
0 0.808 0.716 0.025 0.058
0 0.462 0.883 0.039 0.046
0 0.410 0.958 0.021 0.033
0 0.416 0.718 0.031 0.041
0 0.643 0.879 0.024 0.037
0 0.673 0.875 0.025 0.041
