4 0.142 0.972 0.036 0.035
0 0.292 0.472 0.018 0.020
1 0.605 0.690 0.028 0.051
1 0.228 0.534 0.062 0.057
0 0.433 0.900 0.022 0.023
4 0.020 0.906 0.022 0.038
4 0.088 0.979 0.041 0.033
0 0.179 0.604 0.026 0.033
0 0.175 0.625 0.027 0.027
4 0.978 0.559 0.034 0.051
4 0.963 0.252 0.037 0.046
0 0.041 0.525 0.037 0.062
0 0.055 0.290 0.033 0.046
4 0.967 0.602 0.044 0.054
1 0.495 0.472 0.034 0.031
0 0.283 0.505 0.028 0.028
0 0.765 0.846 0.018 0.029
0 0.586 0.587 0.021 0.033
0 0.411 0.903 0.020 0.029
0 0.412 0.960 0.031 0.038
0 0.414 0.718 0.037 0.045
0 0.644 0.875 0.025 0.036
0 0.672 0.875 0.028 0.038
