4 0.086 0.049 0.031 0.064
4 0.041 0.027 0.047 0.053
1 0.057 0.962 0.047 0.038
1 0.095 0.856 0.035 0.054
1 0.134 0.832 0.033 0.048
1 0.910 0.649 0.055 0.067
1 0.188 0.302 0.046 0.064
1 0.700 0.376 0.036 0.054
0 0.354 0.868 0.020 0.038
4 0.093 0.929 0.041 0.071
1 0.264 0.852 0.068 0.046
0 0.753 0.515 0.037 0.052
0 0.573 0.497 0.023 0.046
4 0.030 0.960 0.042 0.034
4 0.978 0.687 0.034 0.054
0 0.389 0.902 0.027 0.029
4 0.974 0.560 0.035 0.058
0 0.410 0.959 0.024 0.031
0 0.417 0.716 0.029 0.041
0 0.643 0.879 0.024 0.037
0 0.673 0.875 0.027 0.041
