4 0.085 0.077 0.027 0.041
1 0.955 0.657 0.043 0.040
0 0.577 0.445 0.022 0.041
1 0.269 0.369 0.040 0.064
4 0.124 0.983 0.048 0.028
4 0.987 0.568 0.021 0.041
1 0.101 0.693 0.037 0.056
0 0.416 0.912 0.031 0.046
4 0.051 0.011 0.022 0.022
0 0.051 0.740 0.027 0.040
0 0.059 0.769 0.027 0.035
1 0.073 0.496 0.039 0.048
1 0.120 0.558 0.047 0.046
4 0.068 0.984 0.022 0.027
4 0.147 0.102 0.035 0.051
4 0.403 0.942 0.038 0.028
4 0.105 0.972 0.041 0.037
4 0.985 0.618 0.025 0.041
0 0.861 0.035 0.037 0.033
4 0.987 0.561 0.018 0.048
0 0.615 0.464 0.036 0.037
4 0.012 0.537 0.025 0.041
4 0.663 0.983 0.032 0.028
4 0.757 0.982 0.023 0.027
4 0.011 0.792 0.018 0.040
4 0.398 0.907 0.028 0.027
0 0.610 0.546 0.025 0.036
4 0.029 0.912 0.028 0.058
0 0.446 0.912 0.032 0.041
0 0.412 0.958 0.031 0.041
0 0.414 0.718 0.035 0.045
0 0.644 0.875 0.022 0.034
0 0.671 0.875 0.025 0.040
