1 0.172 0.933 0.020 0.029
1 0.770 0.567 0.025 0.061
4 0.882 0.050 0.034 0.042
0 0.774 0.373 0.041 0.041
0 0.829 0.299 0.041 0.048
4 0.991 0.283 0.015 0.050
1 0.697 0.682 0.033 0.031
1 0.433 0.767 0.027 0.044
0 0.971 0.539 0.031 0.041
0 0.307 0.518 0.029 0.050
0 0.039 0.760 0.025 0.033
4 0.630 0.972 0.022 0.044
1 0.355 0.514 0.037 0.067
0 0.405 0.900 0.022 0.029
1 0.067 0.710 0.040 0.041
0 0.267 0.498 0.041 0.041
0 0.221 0.532 0.034 0.043
4 0.029 0.022 0.035 0.043
4 0.050 0.034 0.033 0.044
0 0.024 0.751 0.018 0.031
4 0.970 0.685 0.038 0.033
0 0.449 0.886 0.032 0.040
0 0.456 0.926 0.025 0.029
0 0.415 0.713 0.025 0.031
0 0.645 0.878 0.027 0.035
0 0.673 0.875 0.028 0.040
