4 0.086 0.049 0.031 0.064
4 0.041 0.027 0.047 0.053
1 0.308 0.827 0.047 0.038
1 0.088 0.591 0.035 0.054
1 0.116 0.578 0.033 0.049
4 0.971 0.637 0.055 0.066
4 0.099 0.113 0.046 0.064
1 0.775 0.341 0.037 0.054
0 0.350 0.858 0.020 0.038
4 0.095 0.947 0.041 0.064
1 0.414 0.833 0.068 0.046
0 0.825 0.495 0.037 0.053
0 0.638 0.423 0.024 0.046
0 0.061 0.962 0.047 0.033
4 0.978 0.687 0.034 0.054
0 0.334 0.900 0.027 0.029
4 0.974 0.560 0.035 0.058
0 0.411 0.960 0.028 0.034
0 0.416 0.715 0.031 0.044
0 0.643 0.878 0.024 0.035
0 0.672 0.875 0.028 0.040
