4 0.157 0.972 0.020 0.031
1 0.962 0.582 0.025 0.061
4 0.882 0.050 0.034 0.042
0 0.711 0.420 0.039 0.040
0 0.760 0.317 0.043 0.048
0 0.966 0.320 0.022 0.051
1 0.867 0.614 0.032 0.046
1 0.586 0.735 0.025 0.046
0 0.901 0.550 0.028 0.033
0 0.340 0.520 0.025 0.040
0 0.014 0.791 0.024 0.033
4 0.630 0.971 0.022 0.046
1 0.383 0.499 0.036 0.056
0 0.434 0.919 0.023 0.031
1 0.055 0.516 0.036 0.038
0 0.298 0.487 0.030 0.037
0 0.235 0.539 0.027 0.038
4 0.029 0.023 0.035 0.043
4 0.050 0.038 0.033 0.043
4 0.013 0.765 0.021 0.023
4 0.972 0.687 0.042 0.038
0 0.453 0.880 0.030 0.040
0 0.456 0.924 0.022 0.031
0 0.416 0.712 0.024 0.029
0 0.645 0.878 0.027 0.035
0 0.673 0.875 0.028 0.040
4 0.844 0.013 0.031 0.027
4 0.895 0.013 0.035 0.027
4 0.144 0.073 0.037 0.046
4 0.198 0.972 0.029 0.044
0 0.411 0.958 0.025 0.033
4 0.984 0.648 0.029 0.028
4 0.669 0.982 0.024 0.031
4 0.702 0.988 0.032 0.018
4 0.987 0.656 0.024 0.045
4 0.037 0.016 0.034 0.031
4 0.016 0.347 0.032 0.048
4 0.077 0.977 0.043 0.041
4 0.982 0.484 0.034 0.043
