4 0.085 0.077 0.027 0.041
1 0.852 0.663 0.047 0.040
0 0.572 0.448 0.022 0.042
1 0.288 0.394 0.041 0.064
4 0.124 0.983 0.048 0.028
4 0.987 0.568 0.021 0.041
1 0.112 0.670 0.036 0.056
0 0.418 0.912 0.031 0.046
4 0.051 0.011 0.022 0.022
0 0.065 0.724 0.027 0.040
0 0.076 0.750 0.027 0.036
1 0.061 0.590 0.039 0.048
1 0.172 0.472 0.047 0.046
4 0.068 0.984 0.022 0.027
4 0.147 0.102 0.035 0.051
4 0.403 0.942 0.038 0.028
4 0.105 0.972 0.041 0.037
4 0.985 0.620 0.025 0.037
0 0.845 0.023 0.038 0.034
4 0.986 0.561 0.020 0.048
0 0.603 0.472 0.037 0.037
4 0.013 0.537 0.026 0.041
4 0.663 0.984 0.032 0.027
4 0.759 0.982 0.022 0.027
4 0.011 0.792 0.017 0.040
4 0.398 0.907 0.028 0.027
0 0.610 0.546 0.025 0.036
4 0.029 0.912 0.028 0.058
0 0.453 0.912 0.032 0.041
0 0.412 0.958 0.031 0.041
0 0.414 0.718 0.035 0.045
0 0.644 0.875 0.022 0.034
0 0.670 0.875 0.024 0.038
