0 0.927 0.245 0.051 0.062
4 0.101 0.094 0.042 0.052
4 0.059 0.021 0.041 0.041
1 0.538 0.750 0.044 0.056
4 0.069 0.967 0.036 0.060
1 0.159 0.966 0.046 0.056
0 0.339 0.899 0.021 0.041
4 0.101 0.056 0.037 0.058
0 0.943 0.258 0.027 0.046
0 0.425 0.428 0.037 0.040
4 0.984 0.653 0.029 0.048
1 0.637 0.689 0.053 0.059
1 0.675 0.702 0.047 0.054
4 0.091 0.972 0.042 0.051
4 0.137 0.975 0.027 0.041
4 0.961 0.688 0.047 0.052
1 0.423 0.768 0.044 0.054
4 0.062 0.039 0.036 0.067
1 0.139 0.835 0.030 0.051
1 0.878 0.562 0.043 0.067
4 0.047 0.977 0.037 0.041
4 0.112 0.968 0.036 0.051
4 0.975 0.531 0.038 0.067
0 0.373 0.873 0.026 0.031
4 0.144 0.966 0.048 0.050
0 0.607 0.548 0.029 0.046
0 0.311 0.612 0.040 0.066
0 0.754 0.864 0.025 0.059
0 0.458 0.892 0.039 0.046
0 0.411 0.957 0.022 0.040
0 0.416 0.718 0.032 0.041
0 0.643 0.878 0.024 0.035
0 0.673 0.875 0.025 0.041
