1 0.100 0.650 0.044 0.040
0 0.493 0.470 0.019 0.031
1 0.387 0.555 0.027 0.052
1 0.132 0.588 0.062 0.056
0 0.358 0.897 0.022 0.023
0 0.257 0.886 0.020 0.035
1 0.075 0.631 0.040 0.041
0 0.143 0.633 0.027 0.034
0 0.145 0.657 0.027 0.027
1 0.343 0.783 0.032 0.050
1 0.745 0.331 0.036 0.046
0 0.055 0.870 0.036 0.062
0 0.226 0.083 0.034 0.046
4 0.104 0.977 0.042 0.036
4 0.985 0.630 0.024 0.031
0 0.495 0.496 0.027 0.028
4 0.768 0.985 0.018 0.021
0 0.612 0.545 0.021 0.034
0 0.451 0.893 0.020 0.029
0 0.412 0.960 0.031 0.038
0 0.414 0.718 0.035 0.045
0 0.643 0.875 0.024 0.034
0 0.670 0.875 0.024 0.038
