1 0.678 0.741 0.020 0.028
1 0.162 0.371 0.025 0.061
0 0.880 0.047 0.036 0.041
4 0.941 0.237 0.034 0.037
4 0.979 0.254 0.037 0.046
4 0.992 0.283 0.014 0.050
1 0.175 0.907 0.033 0.031
4 0.012 0.855 0.023 0.044
4 0.983 0.537 0.031 0.041
4 0.235 0.545 0.029 0.051
0 0.126 0.583 0.025 0.033
1 0.629 0.968 0.022 0.045
1 0.315 0.518 0.036 0.071
0 0.311 0.910 0.019 0.029
4 0.081 0.981 0.040 0.029
0 0.189 0.579 0.041 0.041
0 0.161 0.655 0.034 0.043
0 0.025 0.227 0.037 0.036
1 0.048 0.063 0.033 0.043
0 0.117 0.613 0.018 0.031
0 0.895 0.699 0.032 0.028
0 0.461 0.822 0.032 0.038
0 0.386 0.900 0.025 0.029
0 0.414 0.716 0.031 0.038
0 0.645 0.878 0.027 0.035
0 0.673 0.875 0.029 0.040
