0 0.856 0.494 0.021 0.046
0 0.516 0.604 0.025 0.033
0 0.330 0.525 0.017 0.029
0 0.509 0.676 0.027 0.046
4 0.755 0.981 0.043 0.033
0 0.316 0.249 0.044 0.043
0 0.491 0.847 0.025 0.050
4 0.009 0.314 0.018 0.038
0 0.884 0.509 0.032 0.048
0 0.414 0.711 0.027 0.036
0 0.094 0.265 0.037 0.049
0 0.303 0.929 0.023 0.034
0 0.345 0.896 0.021 0.041
0 0.387 0.901 0.026 0.031
4 0.013 0.381 0.020 0.046
1 0.010 0.229 0.020 0.029
4 0.010 0.841 0.020 0.041
4 0.033 0.984 0.028 0.023
0 0.532 0.212 0.024 0.038
0 0.410 0.958 0.027 0.038
0 0.405 0.693 0.028 0.025
