0 0.961 0.352 0.020 0.046
0 0.345 0.632 0.029 0.049
0 0.531 0.512 0.018 0.025
0 0.632 0.497 0.027 0.046
4 0.755 0.981 0.043 0.033
0 0.140 0.276 0.033 0.044
0 0.499 0.883 0.023 0.038
4 0.009 0.291 0.019 0.038
0 0.811 0.564 0.029 0.046
0 0.414 0.711 0.027 0.036
0 0.174 0.206 0.032 0.050
0 0.299 0.924 0.024 0.031
0 0.331 0.933 0.024 0.037
0 0.377 0.901 0.027 0.035
4 0.013 0.381 0.020 0.046
1 0.413 0.445 0.032 0.028
1 0.206 0.788 0.035 0.043
0 0.102 0.889 0.032 0.041
0 0.470 0.284 0.029 0.035
0 0.411 0.958 0.028 0.038
0 0.405 0.693 0.028 0.025
