1 0.100 0.759 0.044 0.040
0 0.475 0.470 0.020 0.031
1 0.400 0.568 0.028 0.052
1 0.131 0.580 0.062 0.056
0 0.362 0.890 0.022 0.023
0 0.173 0.913 0.021 0.036
1 0.084 0.725 0.041 0.041
0 0.147 0.631 0.027 0.033
0 0.152 0.655 0.027 0.027
1 0.413 0.773 0.032 0.051
1 0.843 0.287 0.037 0.046
0 0.047 0.826 0.036 0.062
0 0.218 0.093 0.034 0.045
1 0.118 0.915 0.041 0.052
4 0.985 0.630 0.024 0.031
0 0.473 0.494 0.028 0.028
4 0.768 0.985 0.018 0.021
0 0.612 0.545 0.021 0.034
0 0.451 0.887 0.020 0.029
0 0.412 0.960 0.031 0.038
0 0.414 0.718 0.035 0.045
0 0.643 0.875 0.024 0.034
0 0.670 0.875 0.024 0.038
