1 0.222 0.881 0.020 0.029
1 0.700 0.540 0.025 0.061
4 0.882 0.050 0.034 0.042
0 0.791 0.353 0.037 0.038
0 0.853 0.279 0.042 0.048
4 0.992 0.283 0.014 0.050
1 0.626 0.722 0.033 0.031
1 0.368 0.772 0.027 0.043
4 0.983 0.537 0.031 0.041
0 0.295 0.520 0.029 0.050
0 0.050 0.744 0.025 0.033
4 0.630 0.972 0.022 0.044
1 0.344 0.521 0.037 0.071
0 0.390 0.900 0.022 0.029
1 0.074 0.797 0.040 0.041
0 0.251 0.506 0.041 0.041
0 0.213 0.540 0.034 0.044
0 0.029 0.023 0.035 0.043
4 0.050 0.034 0.033 0.044
0 0.032 0.738 0.018 0.031
4 0.969 0.682 0.037 0.031
0 0.449 0.886 0.032 0.040
0 0.456 0.926 0.025 0.029
0 0.415 0.713 0.025 0.031
0 0.645 0.878 0.027 0.035
0 0.673 0.875 0.028 0.040
