4 0.134 0.970 0.041 0.038
0 0.385 0.480 0.018 0.018
1 0.500 0.630 0.027 0.052
1 0.157 0.553 0.062 0.056
0 0.395 0.888 0.022 0.023
4 0.020 0.906 0.022 0.038
4 0.099 0.976 0.041 0.040
0 0.153 0.622 0.027 0.033
0 0.162 0.647 0.027 0.027
1 0.720 0.629 0.032 0.050
4 0.963 0.252 0.037 0.046
0 0.040 0.668 0.037 0.062
0 0.152 0.199 0.034 0.046
1 0.501 0.755 0.041 0.052
1 0.830 0.549 0.034 0.031
0 0.382 0.503 0.027 0.028
0 0.768 0.977 0.018 0.027
0 0.612 0.545 0.021 0.034
0 0.411 0.900 0.020 0.029
0 0.412 0.960 0.031 0.038
0 0.414 0.718 0.035 0.045
0 0.643 0.875 0.024 0.034
0 0.671 0.875 0.027 0.038
