0 0.907 0.435 0.020 0.046
0 0.440 0.620 0.025 0.033
0 0.419 0.517 0.017 0.029
0 0.576 0.599 0.027 0.046
4 0.755 0.981 0.043 0.033
0 0.238 0.249 0.044 0.043
0 0.497 0.870 0.025 0.046
4 0.009 0.305 0.019 0.036
0 0.887 0.488 0.032 0.048
0 0.414 0.711 0.027 0.036
0 0.129 0.234 0.036 0.049
0 0.302 0.926 0.023 0.033
0 0.339 0.908 0.021 0.041
0 0.374 0.901 0.026 0.031
4 0.013 0.381 0.020 0.046
1 0.134 0.346 0.032 0.029
4 0.010 0.841 0.020 0.041
0 0.037 0.972 0.028 0.031
0 0.505 0.248 0.023 0.038
0 0.410 0.958 0.027 0.038
0 0.405 0.693 0.028 0.025
