0 0.883 0.272 0.039 0.062
4 0.101 0.094 0.042 0.052
1 0.062 0.097 0.041 0.042
1 0.725 0.657 0.044 0.056
1 0.164 0.830 0.037 0.073
4 0.156 0.967 0.046 0.052
0 0.360 0.893 0.021 0.042
4 0.101 0.056 0.037 0.058
0 0.898 0.281 0.028 0.045
0 0.367 0.451 0.037 0.040
4 0.984 0.653 0.029 0.048
1 0.833 0.591 0.053 0.058
1 0.866 0.623 0.047 0.054
4 0.091 0.972 0.042 0.051
4 0.137 0.973 0.027 0.044
4 0.957 0.688 0.047 0.052
1 0.623 0.720 0.044 0.054
4 0.062 0.039 0.036 0.067
4 0.146 0.964 0.029 0.050
4 0.968 0.573 0.044 0.066
4 0.047 0.977 0.037 0.041
4 0.112 0.966 0.036 0.054
4 0.975 0.531 0.038 0.067
0 0.390 0.876 0.027 0.031
4 0.145 0.963 0.048 0.051
0 0.607 0.548 0.029 0.046
0 0.250 0.639 0.040 0.067
0 0.749 0.943 0.023 0.058
0 0.439 0.898 0.039 0.045
0 0.412 0.956 0.024 0.042
0 0.416 0.718 0.035 0.041
0 0.644 0.878 0.022 0.035
0 0.673 0.876 0.025 0.041
