1 0.576 0.798 0.020 0.029
1 0.282 0.411 0.025 0.061
4 0.882 0.050 0.034 0.042
0 0.916 0.250 0.035 0.038
4 0.979 0.254 0.037 0.046
4 0.992 0.283 0.014 0.050
1 0.261 0.817 0.033 0.031
1 0.038 0.851 0.027 0.043
4 0.983 0.537 0.031 0.041
0 0.246 0.541 0.029 0.050
0 0.115 0.627 0.025 0.033
4 0.630 0.975 0.022 0.041
1 0.330 0.523 0.036 0.071
0 0.319 0.903 0.019 0.029
4 0.081 0.981 0.040 0.029
0 0.194 0.568 0.041 0.041
0 0.164 0.644 0.034 0.044
0 0.026 0.182 0.037 0.035
4 0.050 0.023 0.033 0.043
0 0.105 0.651 0.018 0.031
0 0.928 0.688 0.032 0.027
0 0.449 0.862 0.032 0.037
0 0.404 0.902 0.025 0.029
0 0.414 0.715 0.029 0.035
0 0.645 0.878 0.027 0.035
0 0.673 0.875 0.029 0.040
