0 0.947 0.365 0.018 0.048
0 0.366 0.634 0.026 0.040
0 0.507 0.512 0.018 0.025
0 0.620 0.518 0.027 0.046
4 0.755 0.981 0.043 0.033
0 0.158 0.272 0.039 0.043
0 0.499 0.881 0.023 0.038
4 0.009 0.295 0.019 0.036
0 0.828 0.548 0.030 0.046
0 0.414 0.711 0.027 0.036
0 0.163 0.209 0.035 0.048
0 0.299 0.924 0.024 0.031
0 0.332 0.931 0.021 0.041
0 0.371 0.900 0.026 0.033
4 0.013 0.381 0.020 0.046
1 0.350 0.423 0.032 0.029
1 0.152 0.796 0.042 0.043
0 0.088 0.906 0.029 0.038
0 0.477 0.278 0.029 0.035
0 0.411 0.958 0.028 0.038
0 0.405 0.693 0.028 0.025
