1 0.747 0.689 0.019 0.029
1 0.115 0.305 0.025 0.060
0 0.868 0.039 0.036 0.041
4 0.950 0.233 0.034 0.038
4 0.979 0.254 0.037 0.046
4 0.992 0.283 0.014 0.050
4 0.148 0.973 0.034 0.031
4 0.012 0.855 0.023 0.044
4 0.983 0.537 0.031 0.041
4 0.235 0.545 0.029 0.051
0 0.136 0.548 0.025 0.033
1 0.629 0.935 0.022 0.046
1 0.314 0.516 0.036 0.071
0 0.326 0.918 0.020 0.029
4 0.081 0.981 0.040 0.029
0 0.189 0.587 0.041 0.041
0 0.161 0.653 0.034 0.044
0 0.026 0.267 0.037 0.035
1 0.044 0.153 0.034 0.044
0 0.125 0.586 0.018 0.031
0 0.873 0.699 0.032 0.028
0 0.471 0.783 0.031 0.038
0 0.377 0.902 0.025 0.029
0 0.414 0.717 0.034 0.040
0 0.645 0.878 0.027 0.035
0 0.673 0.875 0.029 0.040
