1 0.821 0.658 0.019 0.029
1 0.091 0.207 0.025 0.061
0 0.855 0.027 0.037 0.042
4 0.950 0.233 0.034 0.038
4 0.979 0.254 0.037 0.046
4 0.992 0.283 0.014 0.050
4 0.148 0.973 0.034 0.031
4 0.012 0.855 0.023 0.044
4 0.983 0.537 0.031 0.041
4 0.235 0.545 0.029 0.051
0 0.150 0.527 0.025 0.033
1 0.630 0.898 0.022 0.045
1 0.311 0.516 0.036 0.071
0 0.342 0.910 0.018 0.029
4 0.081 0.981 0.040 0.029
0 0.186 0.597 0.041 0.042
0 0.161 0.653 0.034 0.044
0 0.026 0.301 0.037 0.035
1 0.051 0.240 0.033 0.043
0 0.138 0.561 0.018 0.031
0 0.852 0.696 0.032 0.027
0 0.482 0.748 0.031 0.038
0 0.384 0.902 0.025 0.029
0 0.414 0.717 0.034 0.040
0 0.645 0.878 0.027 0.035
0 0.673 0.875 0.029 0.040
