4 0.145 0.972 0.035 0.033
0 0.255 0.475 0.019 0.021
1 0.623 0.732 0.027 0.052
1 0.259 0.528 0.062 0.056
0 0.417 0.889 0.021 0.025
4 0.020 0.906 0.022 0.038
4 0.084 0.980 0.041 0.031
0 0.180 0.602 0.027 0.036
0 0.169 0.625 0.028 0.027
4 0.971 0.559 0.034 0.051
4 0.963 0.252 0.037 0.046
0 0.040 0.470 0.037 0.054
0 0.026 0.323 0.034 0.046
4 0.967 0.602 0.044 0.054
1 0.366 0.426 0.034 0.031
0 0.245 0.500 0.027 0.027
0 0.764 0.793 0.018 0.029
0 0.561 0.622 0.020 0.033
0 0.409 0.898 0.020 0.028
0 0.412 0.960 0.031 0.038
0 0.414 0.718 0.037 0.045
0 0.644 0.875 0.025 0.036
0 0.673 0.875 0.029 0.038
