4 0.086 0.049 0.031 0.064
4 0.041 0.027 0.047 0.053
1 0.493 0.774 0.047 0.038
1 0.080 0.366 0.034 0.054
1 0.120 0.361 0.033 0.048
4 0.971 0.637 0.055 0.066
4 0.099 0.113 0.046 0.064
1 0.828 0.304 0.036 0.054
0 0.329 0.858 0.020 0.038
4 0.095 0.958 0.041 0.059
1 0.527 0.793 0.068 0.046
0 0.857 0.445 0.037 0.054
0 0.678 0.362 0.023 0.046
0 0.119 0.968 0.047 0.034
4 0.978 0.687 0.034 0.054
0 0.317 0.903 0.026 0.029
4 0.974 0.560 0.035 0.058
0 0.412 0.959 0.032 0.036
0 0.416 0.715 0.032 0.044
0 0.643 0.877 0.024 0.033
0 0.672 0.875 0.028 0.040
