4 0.137 0.972 0.040 0.035
0 0.356 0.480 0.018 0.018
1 0.540 0.638 0.028 0.052
1 0.182 0.545 0.062 0.056
0 0.404 0.897 0.022 0.023
4 0.020 0.906 0.022 0.038
4 0.095 0.977 0.041 0.038
0 0.166 0.612 0.027 0.033
0 0.177 0.634 0.026 0.027
1 0.823 0.583 0.032 0.050
4 0.963 0.252 0.037 0.046
0 0.040 0.616 0.037 0.062
0 0.120 0.231 0.033 0.046
1 0.666 0.699 0.042 0.051
1 0.721 0.493 0.035 0.031
0 0.348 0.505 0.028 0.028
0 0.767 0.933 0.018 0.029
0 0.612 0.545 0.021 0.034
0 0.393 0.906 0.020 0.028
0 0.412 0.960 0.031 0.038
0 0.414 0.718 0.037 0.045
0 0.644 0.875 0.025 0.036
0 0.671 0.875 0.027 0.038
