1 0.150 0.979 0.020 0.029
1 0.827 0.584 0.025 0.061
4 0.882 0.050 0.034 0.042
0 0.761 0.385 0.041 0.042
0 0.809 0.305 0.041 0.048
0 0.989 0.291 0.020 0.050
1 0.744 0.657 0.033 0.031
1 0.480 0.761 0.028 0.044
0 0.951 0.539 0.030 0.041
0 0.317 0.520 0.029 0.050
0 0.033 0.770 0.025 0.033
4 0.630 0.971 0.022 0.046
1 0.363 0.509 0.036 0.064
0 0.416 0.906 0.022 0.028
1 0.061 0.652 0.040 0.042
0 0.275 0.493 0.042 0.041
0 0.221 0.540 0.034 0.044
4 0.029 0.022 0.035 0.043
4 0.050 0.036 0.033 0.044
0 0.018 0.759 0.018 0.031
4 0.971 0.685 0.039 0.033
0 0.450 0.884 0.032 0.040
0 0.456 0.929 0.025 0.028
0 0.416 0.712 0.024 0.029
0 0.645 0.878 0.027 0.035
0 0.673 0.875 0.028 0.040
