4 0.085 0.077 0.027 0.041
4 0.989 0.656 0.020 0.038
0 0.784 0.351 0.034 0.040
1 0.107 0.132 0.040 0.065
1 0.094 0.664 0.048 0.041
4 0.968 0.576 0.044 0.056
1 0.654 0.714 0.021 0.042
4 0.165 0.959 0.046 0.061
4 0.015 0.819 0.030 0.056
0 0.363 0.906 0.030 0.045
4 0.051 0.011 0.022 0.022
4 0.008 0.788 0.016 0.040
4 0.007 0.828 0.015 0.036
4 0.072 0.020 0.039 0.040
4 0.005 0.861 0.011 0.044
4 0.068 0.984 0.022 0.027
4 0.147 0.102 0.035 0.051
4 0.403 0.942 0.038 0.028
1 0.073 0.278 0.039 0.040
1 0.477 0.756 0.024 0.041
4 0.892 0.056 0.037 0.033
1 0.416 0.369 0.025 0.046
0 0.793 0.375 0.037 0.038
0 0.213 0.485 0.025 0.041
1 0.943 0.653 0.032 0.029
4 0.933 0.560 0.053 0.058
4 0.968 0.606 0.049 0.054
1 0.478 0.760 0.039 0.054
4 0.137 0.972 0.027 0.048
0 0.794 0.725 0.025 0.031
4 0.973 0.575 0.045 0.054
1 0.071 0.279 0.036 0.067
4 0.146 0.964 0.029 0.050
4 0.968 0.573 0.044 0.066
1 0.041 0.865 0.024 0.040
4 0.113 0.962 0.036 0.062
4 0.975 0.531 0.038 0.067
0 0.400 0.894 0.028 0.028
4 0.150 0.957 0.049 0.061
0 0.608 0.551 0.034 0.044
0 0.132 0.701 0.027 0.056
4 0.749 0.960 0.023 0.058
0 0.431 0.904 0.032 0.041
0 0.414 0.956 0.028 0.050
0 0.416 0.719 0.038 0.043
0 0.645 0.877 0.021 0.033
0 0.673 0.879 0.025 0.042
