0 0.225 0.932 0.032 0.040
1 0.079 0.466 0.029 0.050
4 0.981 0.625 0.035 0.045
0 0.877 0.174 0.029 0.044
0 0.848 0.117 0.031 0.052
1 0.920 0.565 0.027 0.035
4 0.098 0.977 0.028 0.034
4 0.152 0.112 0.031 0.033
4 0.169 0.101 0.031 0.036
4 0.988 0.562 0.018 0.034
4 0.143 0.119 0.034 0.044
0 0.185 0.854 0.034 0.042
4 0.977 0.686 0.032 0.052
0 0.340 0.904 0.028 0.038
4 0.145 0.972 0.025 0.042
4 0.975 0.559 0.034 0.056
0 0.414 0.960 0.042 0.041
0 0.415 0.714 0.034 0.046
0 0.644 0.875 0.025 0.034
0 0.671 0.878 0.028 0.035
