4 0.086 0.049 0.031 0.064
4 0.041 0.027 0.047 0.053
1 0.572 0.750 0.047 0.038
1 0.074 0.277 0.034 0.053
1 0.107 0.261 0.034 0.048
4 0.971 0.637 0.055 0.066
4 0.099 0.113 0.046 0.064
1 0.850 0.285 0.037 0.054
0 0.316 0.853 0.019 0.038
4 0.095 0.963 0.041 0.056
1 0.575 0.781 0.068 0.045
0 0.861 0.419 0.037 0.054
0 0.692 0.333 0.023 0.046
0 0.136 0.962 0.047 0.033
4 0.978 0.687 0.034 0.054
0 0.332 0.902 0.027 0.029
4 0.974 0.560 0.035 0.058
0 0.412 0.959 0.032 0.036
0 0.416 0.715 0.032 0.044
0 0.643 0.877 0.024 0.033
0 0.672 0.875 0.028 0.040
