4 0.143 0.972 0.036 0.033
0 0.283 0.477 0.020 0.021
1 0.610 0.701 0.028 0.052
1 0.236 0.534 0.062 0.057
0 0.429 0.895 0.022 0.023
4 0.020 0.906 0.022 0.038
4 0.086 0.979 0.041 0.033
0 0.181 0.602 0.026 0.034
0 0.173 0.625 0.028 0.027
4 0.975 0.559 0.034 0.051
4 0.963 0.252 0.037 0.046
0 0.041 0.512 0.037 0.062
0 0.044 0.298 0.034 0.046
4 0.967 0.602 0.044 0.054
1 0.460 0.459 0.035 0.031
0 0.273 0.503 0.028 0.028
0 0.765 0.831 0.018 0.029
0 0.579 0.597 0.021 0.033
0 0.415 0.903 0.020 0.029
0 0.412 0.960 0.031 0.038
0 0.414 0.718 0.037 0.045
0 0.644 0.875 0.025 0.036
0 0.673 0.875 0.029 0.038
