4 0.965 0.222 0.053 0.062
4 0.101 0.094 0.042 0.052
4 0.059 0.021 0.041 0.041
1 0.279 0.772 0.044 0.056
4 0.069 0.967 0.036 0.060
1 0.316 0.840 0.046 0.061
0 0.327 0.916 0.021 0.042
4 0.101 0.056 0.037 0.058
4 0.976 0.252 0.028 0.046
0 0.500 0.412 0.037 0.038
4 0.984 0.653 0.029 0.048
1 0.368 0.773 0.053 0.058
1 0.401 0.789 0.048 0.054
4 0.091 0.972 0.042 0.051
4 0.137 0.977 0.027 0.038
4 0.961 0.688 0.047 0.052
1 0.173 0.814 0.044 0.054
4 0.062 0.039 0.036 0.067
1 0.118 0.600 0.030 0.051
1 0.527 0.495 0.044 0.066
4 0.047 0.977 0.037 0.041
4 0.112 0.972 0.036 0.044
1 0.877 0.531 0.036 0.067
0 0.373 0.859 0.026 0.031
4 0.142 0.971 0.048 0.046
0 0.613 0.548 0.026 0.046
0 0.381 0.562 0.040 0.067
0 0.776 0.764 0.025 0.058
0 0.461 0.887 0.039 0.046
0 0.410 0.957 0.021 0.035
0 0.416 0.718 0.031 0.041
0 0.643 0.879 0.024 0.037
0 0.673 0.875 0.025 0.041
