0 0.826 0.314 0.030 0.062
4 0.101 0.094 0.042 0.052
1 0.095 0.462 0.032 0.046
4 0.968 0.576 0.044 0.056
1 0.476 0.759 0.037 0.073
4 0.162 0.962 0.046 0.058
0 0.342 0.902 0.021 0.042
1 0.236 0.345 0.037 0.061
0 0.827 0.337 0.028 0.046
0 0.267 0.474 0.029 0.040
4 0.984 0.653 0.029 0.048
4 0.950 0.558 0.053 0.059
4 0.970 0.603 0.049 0.054
1 0.294 0.812 0.041 0.054
4 0.137 0.972 0.027 0.048
0 0.853 0.701 0.041 0.046
1 0.932 0.577 0.044 0.054
4 0.062 0.039 0.036 0.067
4 0.146 0.964 0.029 0.050
4 0.968 0.573 0.044 0.066
4 0.047 0.977 0.037 0.041
4 0.112 0.963 0.036 0.061
4 0.975 0.531 0.038 0.067
0 0.403 0.891 0.027 0.031
4 0.148 0.959 0.048 0.056
0 0.607 0.549 0.032 0.044
0 0.163 0.679 0.051 0.067
4 0.749 0.960 0.023 0.058
0 0.440 0.887 0.039 0.046
0 0.413 0.955 0.027 0.048
0 0.415 0.718 0.037 0.041
0 0.644 0.877 0.022 0.033
0 0.673 0.876 0.025 0.041
