0 0.836 0.514 0.021 0.046
0 0.539 0.599 0.025 0.033
0 0.301 0.527 0.017 0.029
0 0.490 0.696 0.027 0.046
4 0.755 0.981 0.043 0.033
0 0.341 0.249 0.045 0.043
0 0.485 0.827 0.025 0.051
4 0.009 0.317 0.018 0.035
0 0.870 0.519 0.032 0.048
0 0.414 0.711 0.027 0.036
0 0.083 0.274 0.037 0.048
0 0.304 0.930 0.022 0.036
0 0.348 0.893 0.021 0.042
0 0.392 0.901 0.027 0.031
4 0.013 0.381 0.020 0.046
4 0.008 0.210 0.016 0.028
4 0.010 0.841 0.020 0.041
4 0.033 0.984 0.028 0.023
0 0.538 0.197 0.024 0.038
0 0.409 0.959 0.027 0.040
0 0.405 0.693 0.028 0.025
