4 0.086 0.049 0.031 0.064
4 0.041 0.027 0.047 0.053
1 0.532 0.762 0.048 0.038
1 0.075 0.325 0.034 0.054
1 0.115 0.311 0.033 0.048
4 0.971 0.637 0.055 0.066
4 0.099 0.113 0.046 0.064
1 0.840 0.294 0.037 0.054
0 0.322 0.856 0.019 0.038
4 0.095 0.960 0.041 0.058
1 0.550 0.787 0.068 0.046
0 0.858 0.431 0.037 0.054
0 0.685 0.347 0.023 0.046
0 0.125 0.964 0.047 0.033
4 0.978 0.687 0.034 0.054
0 0.324 0.902 0.026 0.029
4 0.974 0.560 0.035 0.058
0 0.412 0.959 0.032 0.036
0 0.416 0.715 0.032 0.044
0 0.643 0.877 0.024 0.033
0 0.672 0.875 0.028 0.040
