0 0.089 0.865 0.032 0.040
4 0.073 0.061 0.026 0.043
4 0.981 0.625 0.035 0.045
4 0.968 0.030 0.029 0.043
4 0.954 0.020 0.032 0.040
1 0.461 0.757 0.027 0.036
1 0.081 0.785 0.028 0.033
4 0.152 0.112 0.031 0.033
4 0.159 0.107 0.031 0.036
4 0.988 0.562 0.018 0.034
0 0.143 0.119 0.034 0.044
0 0.295 0.898 0.035 0.041
4 0.975 0.684 0.028 0.044
0 0.367 0.892 0.029 0.040
4 0.145 0.972 0.025 0.042
4 0.980 0.560 0.032 0.050
0 0.411 0.960 0.037 0.041
0 0.415 0.714 0.034 0.046
0 0.643 0.874 0.027 0.040
0 0.670 0.878 0.027 0.035
