4 0.150 0.979 0.020 0.029
1 0.841 0.588 0.025 0.061
4 0.882 0.050 0.034 0.042
0 0.756 0.389 0.040 0.041
0 0.804 0.305 0.041 0.048
0 0.987 0.297 0.020 0.051
1 0.757 0.651 0.033 0.031
1 0.493 0.761 0.027 0.044
0 0.946 0.541 0.030 0.042
0 0.320 0.523 0.029 0.051
0 0.030 0.775 0.025 0.033
4 0.630 0.971 0.022 0.046
1 0.366 0.508 0.036 0.062
0 0.421 0.908 0.022 0.029
1 0.061 0.639 0.040 0.041
0 0.277 0.493 0.042 0.041
0 0.222 0.542 0.034 0.044
4 0.029 0.022 0.035 0.043
4 0.050 0.036 0.033 0.044
0 0.017 0.761 0.018 0.031
4 0.971 0.685 0.039 0.033
0 0.450 0.884 0.032 0.040
0 0.456 0.929 0.025 0.028
0 0.416 0.712 0.024 0.029
0 0.645 0.878 0.027 0.035
0 0.673 0.875 0.028 0.040
