1 0.100 0.402 0.027 0.042
1 0.475 0.844 0.049 0.040
0 0.526 0.465 0.020 0.035
1 0.355 0.486 0.035 0.061
4 0.124 0.983 0.048 0.028
4 0.987 0.568 0.021 0.041
1 0.132 0.602 0.055 0.056
0 0.381 0.900 0.026 0.033
0 0.473 0.842 0.021 0.036
1 0.067 0.402 0.026 0.046
0 0.116 0.655 0.027 0.036
0 0.123 0.682 0.027 0.031
1 0.196 0.782 0.037 0.048
1 0.534 0.360 0.046 0.046
0 0.068 0.935 0.025 0.062
0 0.192 0.090 0.034 0.048
4 0.429 0.982 0.037 0.027
4 0.104 0.976 0.042 0.036
4 0.985 0.628 0.025 0.031
4 0.828 0.033 0.037 0.041
4 0.983 0.561 0.020 0.048
0 0.536 0.484 0.031 0.031
4 0.015 0.537 0.028 0.041
4 0.663 0.985 0.032 0.025
4 0.766 0.984 0.020 0.023
4 0.009 0.792 0.014 0.040
4 0.400 0.905 0.028 0.027
0 0.611 0.545 0.022 0.034
4 0.029 0.912 0.028 0.058
0 0.475 0.903 0.027 0.035
0 0.412 0.959 0.031 0.040
0 0.414 0.718 0.035 0.045
0 0.644 0.875 0.022 0.034
0 0.670 0.875 0.024 0.038
