4 0.137 0.972 0.039 0.035
0 0.349 0.480 0.018 0.018
1 0.548 0.638 0.028 0.052
1 0.188 0.542 0.062 0.057
0 0.405 0.900 0.022 0.023
4 0.020 0.906 0.022 0.038
4 0.095 0.977 0.041 0.038
0 0.167 0.610 0.027 0.033
0 0.179 0.632 0.026 0.027
1 0.843 0.574 0.032 0.050
4 0.963 0.252 0.037 0.046
0 0.040 0.608 0.037 0.062
0 0.113 0.235 0.033 0.046
1 0.697 0.682 0.041 0.051
1 0.696 0.490 0.034 0.031
0 0.341 0.505 0.028 0.028
0 0.767 0.923 0.018 0.029
0 0.612 0.545 0.021 0.034
0 0.390 0.906 0.020 0.028
0 0.412 0.960 0.031 0.038
0 0.414 0.718 0.037 0.045
0 0.644 0.875 0.025 0.036
0 0.671 0.875 0.027 0.038
