1 0.954 0.652 0.020 0.029
4 0.076 0.078 0.025 0.060
0 0.833 0.016 0.037 0.031
4 0.950 0.233 0.034 0.038
4 0.979 0.254 0.037 0.046
4 0.992 0.283 0.014 0.050
4 0.148 0.973 0.034 0.031
4 0.012 0.855 0.023 0.044
4 0.983 0.537 0.031 0.041
4 0.235 0.545 0.029 0.051
0 0.182 0.504 0.025 0.033
1 0.629 0.833 0.022 0.046
1 0.304 0.516 0.036 0.071
0 0.370 0.898 0.016 0.028
4 0.081 0.981 0.040 0.029
0 0.183 0.604 0.041 0.042
0 0.159 0.653 0.034 0.044
0 0.037 0.365 0.037 0.036
1 0.122 0.363 0.033 0.044
0 0.174 0.531 0.018 0.028
0 0.810 0.719 0.032 0.027
0 0.507 0.700 0.030 0.038
0 0.398 0.900 0.025 0.029
0 0.413 0.718 0.035 0.041
0 0.645 0.878 0.027 0.035
0 0.673 0.875 0.029 0.040
