0 0.882 0.468 0.020 0.045
0 0.480 0.612 0.025 0.033
0 0.373 0.520 0.016 0.029
0 0.541 0.642 0.028 0.046
4 0.755 0.981 0.043 0.033
0 0.279 0.249 0.045 0.043
0 0.497 0.865 0.025 0.048
4 0.009 0.310 0.019 0.038
0 0.893 0.494 0.032 0.048
0 0.414 0.711 0.027 0.036
0 0.111 0.253 0.036 0.048
0 0.302 0.929 0.022 0.034
0 0.342 0.899 0.021 0.041
0 0.380 0.901 0.026 0.031
4 0.013 0.381 0.020 0.046
1 0.050 0.287 0.032 0.029
4 0.010 0.841 0.020 0.041
4 0.033 0.984 0.028 0.023
0 0.521 0.231 0.024 0.038
0 0.410 0.958 0.027 0.038
0 0.405 0.693 0.028 0.025
