0 0.102 0.886 0.032 0.040
1 0.075 0.109 0.026 0.043
4 0.981 0.625 0.035 0.045
4 0.954 0.051 0.029 0.044
4 0.954 0.020 0.032 0.040
1 0.528 0.753 0.027 0.035
1 0.084 0.864 0.028 0.033
4 0.152 0.112 0.031 0.033
4 0.161 0.105 0.031 0.035
4 0.988 0.562 0.018 0.034
4 0.143 0.119 0.034 0.044
0 0.278 0.906 0.035 0.041
4 0.975 0.684 0.028 0.044
0 0.357 0.895 0.029 0.040
4 0.145 0.972 0.025 0.042
4 0.979 0.559 0.034 0.051
0 0.412 0.960 0.038 0.041
0 0.415 0.714 0.034 0.046
0 0.643 0.875 0.027 0.038
0 0.670 0.878 0.027 0.035
