1 0.452 0.820 0.020 0.028
1 0.426 0.449 0.025 0.061
4 0.882 0.050 0.034 0.042
0 0.873 0.289 0.034 0.038
0 0.961 0.252 0.042 0.046
4 0.992 0.283 0.014 0.050
1 0.377 0.771 0.033 0.031
1 0.157 0.815 0.028 0.044
4 0.983 0.537 0.031 0.041
0 0.279 0.523 0.029 0.051
0 0.096 0.675 0.025 0.033
4 0.630 0.973 0.022 0.044
1 0.331 0.518 0.037 0.071
0 0.349 0.900 0.021 0.029
4 0.081 0.981 0.040 0.029
0 0.208 0.552 0.041 0.041
0 0.175 0.613 0.033 0.044
0 0.027 0.128 0.037 0.035
4 0.050 0.028 0.033 0.044
0 0.079 0.682 0.018 0.031
0 0.963 0.680 0.032 0.027
0 0.448 0.881 0.032 0.038
0 0.430 0.916 0.025 0.029
0 0.414 0.715 0.029 0.035
0 0.645 0.878 0.027 0.035
0 0.673 0.875 0.028 0.040
