4 0.086 0.049 0.031 0.064
4 0.041 0.027 0.047 0.053
1 0.033 0.978 0.048 0.038
1 0.096 0.875 0.035 0.054
1 0.136 0.859 0.033 0.049
1 0.884 0.656 0.055 0.067
1 0.211 0.319 0.046 0.065
1 0.690 0.379 0.036 0.054
0 0.353 0.873 0.020 0.038
4 0.093 0.928 0.041 0.073
1 0.250 0.856 0.068 0.046
0 0.746 0.519 0.037 0.051
0 0.564 0.500 0.023 0.045
4 0.033 0.960 0.042 0.034
4 0.972 0.685 0.034 0.054
0 0.396 0.903 0.027 0.029
4 0.974 0.560 0.035 0.058
0 0.409 0.959 0.022 0.031
0 0.417 0.716 0.029 0.041
0 0.643 0.879 0.024 0.037
0 0.673 0.875 0.027 0.041
