4 0.944 0.233 0.053 0.062
4 0.101 0.094 0.042 0.052
4 0.059 0.021 0.041 0.041
1 0.420 0.767 0.043 0.056
4 0.069 0.967 0.036 0.060
1 0.218 0.880 0.046 0.061
0 0.328 0.910 0.021 0.042
4 0.101 0.056 0.037 0.058
0 0.969 0.252 0.028 0.046
0 0.461 0.417 0.038 0.040
4 0.984 0.653 0.029 0.048
1 0.509 0.752 0.053 0.059
1 0.550 0.760 0.047 0.054
4 0.091 0.972 0.042 0.051
4 0.137 0.976 0.027 0.040
4 0.961 0.688 0.047 0.052
1 0.301 0.787 0.044 0.054
4 0.062 0.039 0.036 0.067
1 0.126 0.731 0.030 0.050
1 0.708 0.541 0.043 0.066
4 0.047 0.977 0.037 0.041
4 0.112 0.970 0.036 0.048
4 0.975 0.531 0.038 0.067
0 0.367 0.873 0.026 0.031
4 0.144 0.970 0.048 0.048
0 0.610 0.548 0.028 0.046
0 0.346 0.597 0.041 0.066
0 0.757 0.814 0.023 0.059
0 0.462 0.887 0.039 0.046
0 0.411 0.958 0.022 0.038
0 0.416 0.718 0.031 0.041
0 0.643 0.878 0.024 0.035
0 0.673 0.875 0.025 0.041
