4 0.142 0.972 0.036 0.035
0 0.298 0.479 0.018 0.020
1 0.604 0.686 0.028 0.052
1 0.224 0.534 0.062 0.057
0 0.436 0.905 0.022 0.023
4 0.020 0.906 0.022 0.038
4 0.088 0.979 0.041 0.033
0 0.179 0.602 0.026 0.034
0 0.176 0.625 0.027 0.027
4 0.978 0.559 0.034 0.051
4 0.963 0.252 0.037 0.046
0 0.041 0.528 0.037 0.062
0 0.059 0.285 0.033 0.046
1 0.967 0.602 0.044 0.054
1 0.507 0.475 0.034 0.031
0 0.286 0.505 0.028 0.028
0 0.765 0.852 0.018 0.028
0 0.588 0.585 0.021 0.034
0 0.409 0.903 0.020 0.029
0 0.412 0.960 0.031 0.038
0 0.414 0.718 0.037 0.045
0 0.644 0.875 0.025 0.036
0 0.672 0.875 0.028 0.038
