4 0.086 0.049 0.031 0.064
4 0.041 0.027 0.047 0.053
1 0.915 0.652 0.047 0.037
4 0.057 0.027 0.034 0.053
4 0.091 0.101 0.034 0.049
4 0.971 0.637 0.055 0.066
4 0.099 0.113 0.046 0.064
1 0.939 0.256 0.036 0.054
0 0.297 0.875 0.020 0.038
1 0.091 0.810 0.041 0.079
1 0.778 0.681 0.068 0.046
0 0.878 0.308 0.037 0.053
0 0.746 0.229 0.023 0.046
0 0.119 0.864 0.047 0.033
4 0.978 0.687 0.034 0.054
0 0.327 0.906 0.025 0.028
4 0.974 0.560 0.035 0.058
0 0.413 0.960 0.038 0.038
0 0.415 0.714 0.034 0.046
0 0.643 0.876 0.024 0.031
0 0.671 0.876 0.029 0.038
