4 0.086 0.049 0.031 0.064
4 0.041 0.027 0.047 0.053
1 0.854 0.664 0.047 0.038
4 0.057 0.027 0.034 0.053
4 0.091 0.101 0.034 0.049
4 0.971 0.637 0.055 0.066
4 0.099 0.113 0.046 0.064
1 0.925 0.260 0.036 0.054
0 0.298 0.868 0.020 0.038
1 0.092 0.857 0.041 0.077
1 0.736 0.704 0.068 0.046
0 0.875 0.327 0.037 0.054
0 0.738 0.245 0.024 0.046
0 0.125 0.883 0.047 0.034
4 0.978 0.687 0.034 0.054
0 0.336 0.906 0.025 0.028
4 0.974 0.560 0.035 0.058
0 0.413 0.960 0.038 0.038
0 0.415 0.714 0.034 0.046
0 0.643 0.876 0.024 0.031
0 0.671 0.876 0.029 0.038
