4 0.984 0.531 0.027 0.045
0 0.578 0.847 0.030 0.037
4 0.417 0.939 0.021 0.033
0 0.572 0.187 0.030 0.041
0 0.287 0.937 0.014 0.028
0 0.308 0.964 0.019 0.029
0 0.422 0.920 0.028 0.034
0 0.605 0.301 0.037 0.046
1 0.649 0.725 0.041 0.038
1 0.743 0.660 0.041 0.046
0 0.805 0.722 0.014 0.026
0 0.789 0.714 0.020 0.026
0 0.776 0.687 0.017 0.025
0 0.778 0.676 0.035 0.040
1 0.789 0.638 0.042 0.048
0 0.297 0.942 0.014 0.028
4 0.978 0.561 0.035 0.043
4 0.338 0.178 0.031 0.056
0 0.715 0.508 0.037 0.046
0 0.782 0.693 0.020 0.029
4 0.044 0.078 0.039 0.076
