4 0.143 0.972 0.035 0.033
0 0.272 0.475 0.020 0.021
1 0.615 0.713 0.027 0.051
1 0.245 0.532 0.062 0.056
0 0.426 0.890 0.022 0.023
4 0.020 0.906 0.022 0.038
4 0.086 0.979 0.041 0.033
0 0.181 0.602 0.026 0.034
0 0.172 0.625 0.028 0.027
4 0.973 0.559 0.034 0.051
4 0.963 0.252 0.037 0.046
0 0.040 0.495 0.037 0.059
0 0.036 0.306 0.034 0.046
4 0.967 0.602 0.044 0.054
1 0.425 0.447 0.034 0.031
0 0.262 0.503 0.027 0.028
0 0.764 0.816 0.018 0.029
0 0.573 0.606 0.020 0.033
0 0.412 0.902 0.020 0.029
0 0.412 0.960 0.031 0.038
0 0.414 0.718 0.037 0.045
0 0.644 0.875 0.025 0.036
0 0.673 0.875 0.029 0.038
