0 0.216 0.936 0.032 0.040
1 0.081 0.442 0.027 0.044
4 0.981 0.625 0.035 0.045
0 0.882 0.163 0.029 0.043
0 0.855 0.111 0.032 0.052
1 0.892 0.574 0.027 0.035
4 0.098 0.977 0.028 0.034
4 0.152 0.112 0.031 0.033
4 0.169 0.101 0.031 0.036
4 0.988 0.562 0.018 0.034
4 0.143 0.119 0.034 0.044
0 0.191 0.862 0.034 0.042
4 0.977 0.686 0.032 0.052
0 0.342 0.905 0.029 0.040
4 0.145 0.972 0.025 0.042
4 0.975 0.559 0.034 0.056
0 0.413 0.960 0.041 0.041
0 0.415 0.714 0.034 0.046
0 0.644 0.875 0.025 0.034
0 0.671 0.878 0.028 0.035
