1 0.098 0.699 0.044 0.040
0 0.487 0.470 0.020 0.031
1 0.390 0.559 0.028 0.051
1 0.131 0.582 0.062 0.057
0 0.360 0.892 0.022 0.023
0 0.223 0.894 0.021 0.035
1 0.077 0.677 0.040 0.041
0 0.145 0.633 0.027 0.034
0 0.147 0.655 0.027 0.027
1 0.368 0.783 0.032 0.050
1 0.790 0.314 0.037 0.046
0 0.051 0.852 0.036 0.062
0 0.222 0.083 0.034 0.046
1 0.103 0.969 0.042 0.043
4 0.985 0.630 0.024 0.031
0 0.486 0.492 0.028 0.027
4 0.768 0.985 0.018 0.021
0 0.612 0.545 0.021 0.034
0 0.451 0.889 0.020 0.028
0 0.412 0.960 0.031 0.038
0 0.414 0.718 0.035 0.045
0 0.643 0.875 0.024 0.034
0 0.670 0.875 0.024 0.038
