4 0.987 0.647 0.018 0.027
4 0.076 0.078 0.025 0.060
4 0.822 0.013 0.036 0.027
4 0.950 0.233 0.034 0.038
4 0.979 0.254 0.037 0.046
4 0.992 0.283 0.014 0.050
4 0.147 0.972 0.034 0.033
4 0.012 0.855 0.023 0.044
4 0.983 0.537 0.031 0.041
4 0.235 0.545 0.029 0.051
0 0.220 0.486 0.024 0.031
1 0.627 0.774 0.025 0.048
1 0.278 0.521 0.046 0.064
0 0.396 0.890 0.018 0.027
4 0.020 0.906 0.022 0.038
4 0.081 0.980 0.040 0.031
0 0.180 0.598 0.027 0.035
0 0.169 0.638 0.029 0.031
4 0.966 0.559 0.034 0.051
4 0.963 0.252 0.037 0.046
0 0.040 0.425 0.037 0.042
4 0.025 0.343 0.034 0.045
4 0.967 0.602 0.044 0.054
1 0.258 0.400 0.033 0.040
0 0.214 0.511 0.021 0.028
0 0.778 0.756 0.029 0.029
0 0.540 0.649 0.028 0.038
0 0.404 0.898 0.024 0.028
0 0.412 0.960 0.031 0.038
0 0.414 0.718 0.037 0.045
0 0.644 0.875 0.025 0.036
0 0.673 0.875 0.029 0.038
