0 0.966 0.346 0.021 0.046
0 0.336 0.631 0.032 0.051
0 0.541 0.512 0.018 0.025
0 0.634 0.489 0.027 0.046
4 0.755 0.981 0.043 0.033
0 0.133 0.278 0.030 0.044
0 0.499 0.885 0.023 0.038
4 0.009 0.291 0.019 0.038
0 0.805 0.572 0.027 0.044
0 0.414 0.711 0.027 0.036
0 0.179 0.204 0.030 0.051
0 0.299 0.924 0.024 0.031
0 0.331 0.933 0.027 0.037
0 0.380 0.901 0.027 0.035
4 0.013 0.381 0.020 0.046
1 0.438 0.449 0.032 0.029
1 0.228 0.785 0.034 0.042
0 0.107 0.882 0.034 0.043
0 0.468 0.286 0.031 0.035
0 0.411 0.958 0.028 0.038
0 0.405 0.693 0.028 0.025
4 0.873 0.030 0.039 0.060
4 0.007 0.781 0.013 0.038
4 0.987 0.685 0.024 0.054
4 0.068 0.973 0.040 0.048
4 0.979 0.638 0.031 0.048
